[27, 27, 29, 34, 37, 32, 30, 28]
0.638[31, 27, 30, 34, 39, 32, 32, 29]
0.667[32, 30, 31, 33, 39, 32, 32, 30]
0.684[32, 28, 32, 33, 39, 32, 31, 30]
0.698[32, 28, 33, 34, 39, 31, 28, 26]
0.721[28, 26, 29, 32, 36, 26, 24, 25]
0.743[26, 25, 28, 28, 33, 24, 22, 23]
0.758[27, 23, 25, 26, 30, 21, 23, 21]
0.78[26, 23, 24, 27, 28, 21, 23, 18]
0.804[26, 22, 23, 27, 26, 23, 23, 19]
0.818[27, 21, 21, 26, 24, 24, 24, 20]
0.84[26, 21, 20, 25, 22, 24, 24, 20]
0.863[25, 20, 21, 24, 24, 26, 22, 23]
0.878[24, 20, 21, 23, 23, 24, 22, 24]
0.901[26, 23, 19, 22, 24, 23, 23, 23]
0.923[28, 22, 21, 22, 26, 26, 24, 21]
0.938[28, 21, 20, 22, 24, 26, 24, 21]
0.962[27, 22, 20, 22, 23, 26, 25, 20]
0.983[27, 21, 21, 25, 24, 27, 25, 21]
0.998[26, 19, 24, 25, 24, 27, 26, 23]
1.021[23, 22, 21, 25, 21, 24, 26, 24]
1.042[23, 21, 23, 26, 22, 23, 24, 25]
1.058[25, 23, 24, 26, 23, 22, 26, 24]
1.08[25, 22, 24, 26, 22, 21, 25, 22]
1.103[25, 21, 24, 25, 23, 22, 24, 20]
1.118[24, 21, 24, 24, 24, 25, 23, 21]
1.142[24, 22, 22, 24, 24, 28, 25, 21]
1.163[21, 20, 23, 25, 24, 27, 21, 21]
1.178[21, 20, 19, 25, 25, 30, 21, 21]
1.2[19, 20, 19, 26, 24, 28, 20, 22]
1.222[19, 19, 20, 26, 26, 25, 21, 21]
1.238[20, 18, 23, 26, 27, 23, 19, 20]
1.261[22, 21, 21, 25, 28, 23, 22, 20]
1.282[22, 21, 24, 23, 28, 22, 23, 21]
1.298[22, 21, 23, 22, 27, 22, 23, 20]
1.322[24, 19, 23, 23, 26, 25, 23, 22]
1.351[23, 20, 23, 25, 24, 25, 25, 23]
1.359[22, 17, 23, 25, 23, 26, 26, 21]
1.381[23, 19, 20, 28, 22, 24, 24, 21]
1.402[23, 19, 21, 27, 27, 26, 25, 22]
1.418[21, 20, 21, 28, 26, 23, 25, 22]
1.44[25, 20, 20, 25, 28, 23, 24, 23]
1.462[25, 20, 20, 25, 28, 22, 22, 23]
1.484[26, 19, 22, 25, 30, 26, 23, 26]
1.5[27, 17, 21, 26, 26, 24, 23, 26]
1.522[27, 19, 21, 25, 27, 22, 23, 24]
1.546[23, 20, 22, 26, 27, 25, 22, 23]
1.566[24, 19, 21, 29, 26, 27, 23, 23]
1.582[24, 19, 21, 27, 22, 25, 23, 21]
1.604[24, 20, 25, 27, 22, 25, 24, 20]
1.626[23, 18, 24, 27, 25, 28, 26, 23]
1.642[25, 16, 23, 26, 24, 26, 27, 22]
1.664[26, 17, 26, 24, 25, 25, 27, 22]
1.687[24, 17, 27, 24, 26, 23, 27, 21]
1.702[23, 17, 23, 22, 26, 25, 26, 23]
1.725[24, 19, 25, 22, 24, 23, 25, 20]
1.747[26, 21, 25, 23, 25, 22, 24, 22]
1.762[24, 22, 24, 24, 25, 23, 23, 22]
1.784[25, 22, 21, 25, 25, 24, 22, 22]
1.807[25, 22, 23, 25, 25, 23, 20, 22]
1.822[26, 23, 22, 25, 24, 23, 19, 22]
1.844[25, 21, 23, 23, 21, 22, 17, 20]
1.867[24, 21, 24, 21, 20, 22, 18, 19]
1.882[24, 22, 23, 20, 19, 23, 18, 19]
1.904[23, 22, 24, 21, 19, 23, 20, 18]
1.926[24, 21, 23, 22, 19, 24, 22, 21]
1.949[21, 23, 24, 24, 21, 26, 23, 21]
1.964[22, 22, 22, 24, 22, 25, 22, 22]
1.987[22, 22, 24, 24, 22, 26, 22, 22]
2.009[23, 21, 23, 25, 23, 25, 23, 23]
2.025[23, 22, 24, 23, 24, 24, 22, 21]
2.047[23, 20, 24, 24, 23, 22, 22, 20]
2.069[24, 19, 24, 22, 24, 24, 22, 21]
2.084[23, 19, 22, 23, 25, 21, 21, 22]
2.106[25, 20, 22, 25, 23, 21, 21, 22]
2.137[24, 20, 23, 30, 24, 23, 20, 22]
2.144[24, 21, 22, 29, 26, 22, 19, 23]
2.168[23, 22, 21, 30, 27, 22, 19, 21]
2.189[24, 22, 21, 31, 26, 27, 21, 19]
2.205[24, 22, 20, 27, 27, 28, 19, 20]
2.227[25, 22, 21, 26, 27, 28, 20, 20]
2.25[25, 22, 20, 25, 27, 30, 23, 19]
2.264[27, 22, 21, 27, 26, 27, 22, 19]
2.287[31, 24, 24, 26, 26, 22, 22, 21]
2.309[29, 23, 23, 27, 26, 21, 24, 19]
2.324[29, 23, 23, 24, 23, 19, 22, 19]
2.347[31, 22, 22, 25, 26, 21, 19, 19]
2.369[31, 21, 22, 23, 24, 24, 21, 20]
2.385[25, 20, 20, 22, 25, 26, 20, 18]
2.407[25, 21, 22, 22, 24, 26, 19, 20]
2.43[26, 21, 21, 21, 26, 27, 19, 22]
2.444[26, 21, 21, 22, 23, 25, 19, 24]
2.467[23, 22, 21, 24, 24, 24, 22, 24]
2.489[24, 22, 19, 25, 24, 21, 24, 25]
2.506[25, 21, 20, 27, 25, 20, 23, 25]
2.526[23, 21, 19, 29, 24, 19, 22, 24]
2.549[21, 20, 19, 28, 24, 20, 24, 22]
2.564[21, 19, 21, 28, 24, 18, 20, 21]
2.587[24, 20, 23, 28, 24, 20, 18, 21]
2.609[22, 21, 23, 27, 25, 23, 21, 21]
2.626[24, 23, 25, 26, 24, 23, 22, 21]
2.647[23, 24, 25, 26, 25, 23, 21, 21]
2.669[24, 24, 24, 26, 23, 23, 21, 21]
2.684[23, 25, 24, 25, 23, 23, 21, 22]
2.707[25, 23, 23, 26, 21, 22, 18, 21]
2.729[23, 22, 21, 25, 22, 22, 18, 19]
2.744[22, 21, 22, 25, 23, 22, 17, 19]
2.766[23, 23, 25, 25, 25, 22, 19, 18]
2.789[22, 23, 24, 27, 25, 22, 21, 17]
2.811[22, 24, 24, 25, 25, 24, 22, 17]
2.827[24, 24, 25, 24, 25, 22, 22, 20]
2.849[29, 24, 24, 25, 26, 22, 22, 21]
2.864[29, 23, 25, 24, 26, 23, 21, 22]
2.887[28, 23, 23, 24, 26, 24, 21, 24]
2.909[28, 24, 23, 25, 27, 23, 22, 25]
2.932[26, 24, 22, 26, 28, 24, 23, 23]
2.947[24, 24, 22, 26, 25, 25, 23, 22]
2.969[23, 22, 20, 26, 24, 24, 23, 21]
2.992[24, 24, 19, 29, 25, 22, 21, 20]
3.015[24, 23, 24, 27, 27, 23, 19, 20]
3.029[27, 23, 25, 28, 25, 21, 20, 21]
3.052[25, 24, 25, 27, 26, 23, 21, 20]
3.068[25, 25, 25, 27, 26, 23, 20, 20]
3.089[24, 25, 26, 23, 26, 25, 19, 19]
3.112[24, 24, 24, 26, 24, 22, 19, 19]
3.127[27, 25, 25, 26, 25, 23, 20, 20]
3.149[26, 25, 27, 24, 24, 22, 18, 20]
3.172[27, 27, 26, 24, 24, 22, 21, 21]
3.187[26, 25, 26, 26, 23, 22, 20, 21]
3.209[29, 27, 27, 30, 22, 24, 20, 22]
3.232[26, 26, 25, 33, 23, 24, 20, 22]
3.247[26, 25, 30, 35, 27, 25, 20, 22]
3.27[24, 22, 30, 35, 26, 24, 21, 21]
3.294[28, 25, 31, 35, 28, 22, 22, 24]
3.307[24, 24, 32, 31, 29, 22, 22, 22]
3.329[22, 26, 32, 26, 28, 21, 24, 21]
3.354[24, 27, 28, 28, 28, 24, 27, 21]
3.367[26, 29, 41, 30, 29, 25, 25, 22]
3.389[24, 27, 42, 29, 29, 28, 28, 21]
3.412[26, 28, 58, 36, 30, 28, 27, 22]
3.427[26, 27, 60, 37, 29, 28, 25, 23]
3.449[27, 28, 60, 34, 27, 24, 22, 24]
3.472[25, 26, 54, 34, 28, 24, 22, 24]
3.487[24, 29, 60, 36, 27, 21, 19, 25]
3.509[24, 31, 73, 32, 27, 23, 18, 24]
3.532[26, 30, 82, 34, 28, 24, 19, 26]
3.547[25, 31, 82, 34, 29, 25, 21, 24]
3.569[26, 35, 99, 33, 27, 25, 22, 25]
3.592[26, 37, 110, 48, 28, 26, 20, 24]
3.607[27, 46, 105, 64, 32, 23, 22, 24]
3.629[30, 66, 160, 70, 35, 25, 22, 22]
3.652[32, 76, 196, 76, 38, 25, 21, 22]
3.667[82, 169, 284, 83, 41, 27, 24, 27]
3.689[98, 179, 296, 85, 43, 29, 25, 30]
3.713[116, 220, 304, 80, 41, 29, 24, 30]
3.728[122, 263, 300, 107, 50, 32, 24, 34]
3.749[148, 308, 299, 110, 50, 33, 25, 35]
3.774[144, 451, 270, 115, 50, 33, 30, 39]
3.787[141, 526, 448, 115, 52, 33, 33, 39]
3.809[144, 593, 488, 120, 53, 35, 40, 43]
3.833[148, 586, 560, 106, 48, 33, 41, 44]
3.847[158, 643, 605, 106, 47, 34, 46, 112]
3.869[162, 632, 659, 123, 56, 50, 64, 148]
3.892[170, 658, 726, 120, 61, 54, 90, 154]
3.917[210, 747, 735, 124, 67, 58, 99, 202]
3.937[239, 861, 735, 130, 68, 60, 106, 224]
3.953[266, 883, 900, 150, 77, 66, 117, 206]
3.983[292, 905, 872, 140, 79, 60, 117, 189]
3.99[330, 979, 850, 166, 92, 66, 111, 199]
4.012[314, 1067, 858, 169, 92, 63, 104, 183]
4.035[321, 1088, 949, 191, 99, 65, 103, 178]
4.05[342, 1134, 827, 201, 101, 63, 101, 185]
4.072[402, 1255, 848, 205, 98, 62, 92, 198]
4.095[378, 1238, 821, 207, 93, 57, 80, 198]
4.11[408, 1213, 908, 232, 93, 62, 87, 220]
4.134[426, 1171, 817, 220, 92, 60, 89, 211]
4.155[409, 1150, 793, 219, 90, 58, 85, 215]
4.171[347, 1004, 776, 214, 86, 56, 84, 210]
4.2[372, 1006, 740, 214, 85, 57, 86, 221]
4.216[342, 906, 625, 178, 80, 51, 79, 179]
4.229[310, 945, 634, 179, 75, 52, 79, 226]
4.252[306, 978, 635, 166, 71, 53, 70, 217]
4.275[300, 1037, 674, 170, 80, 58, 73, 212]
4.289[259, 1022, 669, 141, 67, 50, 70, 189]
4.312[257, 990, 734, 150, 73, 54, 74, 215]
4.335[255, 994, 693, 134, 75, 54, 72, 169]
4.349[229, 958, 710, 118, 72, 53, 73, 197]
4.372[216, 947, 706, 108, 64, 51, 69, 197]
4.395[232, 946, 721, 118, 69, 54, 70, 210]
4.41[225, 959, 651, 133, 65, 53, 62, 176]
4.432[204, 888, 688, 136, 60, 52, 51, 182]
4.455[202, 879, 701, 138, 60, 51, 51, 157]
4.469[197, 848, 654, 147, 63, 48, 58, 156]
4.492[227, 878, 613, 145, 57, 47, 58, 169]
4.515[216, 893, 632, 139, 55, 43, 58, 170]
4.529[219, 899, 655, 148, 55, 39, 57, 149]
4.553[218, 924, 624, 148, 54, 37, 55, 143]
4.575[236, 961, 640, 142, 49, 37, 50, 146]
4.59[202, 900, 670, 135, 49, 34, 49, 106]
4.612[204, 912, 680, 126, 55, 36, 49, 110]
4.636[194, 904, 659, 116, 52, 36, 49, 123]
4.649[191, 822, 616, 110, 52, 38, 55, 123]
4.672[182, 752, 646, 103, 50, 37, 52, 123]
4.695[159, 755, 699, 119, 52, 37, 48, 122]
4.709[172, 719, 748, 128, 52, 40, 54, 154]
4.732[190, 807, 697, 126, 60, 43, 58, 156]
4.755[202, 794, 737, 128, 59, 41, 56, 171]
4.772[197, 836, 736, 131, 60, 41, 56, 189]
4.792[199, 829, 703, 124, 62, 41, 54, 197]
4.816[195, 874, 623, 114, 57, 37, 49, 175]
4.846[176, 765, 697, 124, 58, 40, 50, 164]
4.853[162, 846, 682, 127, 56, 38, 44, 146]
4.875[162, 768, 682, 134, 64, 42, 46, 146]
4.897[177, 744, 677, 142, 64, 45, 48, 167]
4.913[176, 738, 683, 146, 64, 45, 46, 171]
4.942[185, 807, 629, 130, 57, 40, 39, 172]
4.958[181, 772, 677, 152, 61, 40, 47, 185]
4.972[169, 797, 639, 155, 60, 42, 51, 168]
5.003[158, 818, 590, 146, 56, 38, 50, 188]
5.018[152, 765, 677, 156, 57, 38, 52, 209]
5.032[164, 777, 663, 157, 58, 38, 51, 208]
5.055[164, 744, 598, 146, 57, 39, 50, 193]
5.078[161, 726, 621, 159, 56, 33, 46, 190]
5.092[161, 708, 656, 161, 56, 35, 51, 168]
5.115[162, 730, 564, 172, 58, 37, 49, 136]
5.138[155, 705, 668, 175, 56, 36, 52, 133]
5.152[149, 709, 740, 171, 53, 41, 49, 137]
5.175[140, 691, 726, 152, 45, 42, 50, 136]
5.198[140, 705, 783, 161, 47, 46, 58, 124]
5.215[131, 671, 759, 136, 42, 46, 60, 140]
5.235[130, 646, 756, 137, 44, 47, 62, 163]
5.257[134, 641, 712, 136, 43, 42, 62, 205]
5.272[139, 673, 758, 134, 45, 41, 65, 224]
5.297[126, 662, 722, 128, 46, 36, 52, 232]
5.317[128, 669, 767, 124, 44, 37, 50, 229]
5.332[120, 676, 728, 141, 45, 35, 45, 215]
5.355[117, 737, 752, 146, 44, 36, 64, 189]
5.377[133, 695, 676, 145, 49, 38, 60, 169]
5.392[140, 669, 588, 135, 47, 39, 62, 140]
5.415[139, 657, 540, 134, 46, 39, 60, 126]
5.439[135, 665, 523, 131, 49, 42, 62, 127]
5.452[127, 611, 523, 128, 53, 43, 47, 117]
5.476[113, 681, 612, 137, 52, 44, 59, 186]
5.497[113, 708, 687, 144, 53, 43, 58, 189]
5.512[118, 773, 697, 156, 56, 42, 60, 195]
5.535[110, 739, 681, 140, 52, 38, 60, 199]
5.558[103, 712, 700, 134, 47, 37, 56, 202]
5.572[123, 665, 692, 130, 43, 32, 41, 140]
5.596[132, 645, 654, 130, 43, 33, 44, 149]
5.617[134, 581, 637, 114, 41, 32, 57, 146]
5.639[137, 584, 638, 123, 45, 33, 56, 147]
5.656[142, 596, 590, 120, 45, 32, 59, 129]
5.677[135, 595, 517, 142, 48, 29, 59, 138]
5.699[126, 627, 500, 139, 48, 29, 60, 151]
5.715[134, 608, 550, 142, 47, 31, 47, 159]
5.737[142, 651, 510, 132, 42, 29, 49, 150]
5.759[142, 635, 542, 132, 42, 28, 46, 162]
5.783[164, 651, 598, 118, 42, 30, 50, 163]
5.796[158, 647, 636, 117, 39, 28, 50, 150]
5.819[151, 639, 599, 113, 39, 24, 49, 147]
5.836[155, 626, 655, 130, 43, 25, 43, 167]
5.856[157, 672, 644, 145, 50, 27, 46, 171]
5.879[142, 666, 672, 163, 48, 27, 57, 166]
5.896[141, 704, 628, 168, 49, 29, 55, 172]
5.918[141, 740, 631, 170, 52, 30, 56, 166]
5.939[132, 690, 643, 166, 51, 34, 57, 151]
5.956[129, 637, 625, 151, 47, 35, 55, 137]
5.977[103, 619, 547, 116, 46, 37, 41, 135]
5.999[123, 588, 590, 106, 49, 39, 41, 118]
6.016[125, 562, 575, 105, 49, 38, 41, 114]
6.036[130, 621, 571, 101, 49, 35, 40, 109]
6.06[142, 701, 528, 107, 52, 35, 41, 126]
6.075[160, 718, 654, 118, 49, 35, 41, 119]
6.097[158, 771, 737, 140, 49, 35, 52, 121]
6.119[165, 806, 847, 141, 46, 36, 52, 153]
6.136[169, 772, 829, 156, 48, 40, 53, 163]
6.158[163, 775, 825, 152, 46, 38, 54, 142]
6.187[151, 761, 734, 149, 51, 37, 54, 140]
6.195[140, 685, 605, 135, 48, 35, 41, 146]
6.216[130, 651, 440, 128, 47, 36, 41, 113]
6.239[120, 689, 424, 113, 45, 31, 41, 103]
6.255[116, 606, 405, 112, 44, 31, 36, 113]
6.276[115, 597, 390, 116, 42, 29, 34, 117]
6.299[112, 595, 509, 118, 41, 31, 47, 108]
6.316[110, 578, 493, 121, 42, 33, 54, 133]
6.337[103, 591, 456, 107, 39, 34, 57, 144]
6.359[100, 630, 492, 108, 40, 35, 58, 152]
6.376[95, 624, 521, 109, 40, 37, 60, 145]
6.397[120, 654, 481, 110, 42, 37, 55, 150]
6.419[129, 690, 510, 116, 43, 34, 46, 147]
6.442[131, 637, 590, 127, 42, 34, 53, 151]
6.456[140, 634, 610, 129, 40, 32, 52, 137]
6.479[148, 628, 585, 116, 33, 33, 61, 172]
6.494[133, 605, 553, 115, 33, 29, 57, 167]
6.517[132, 595, 555, 103, 33, 31, 60, 167]
6.54[139, 576, 578, 103, 37, 31, 55, 157]
6.57[136, 584, 546, 105, 38, 33, 59, 159]
6.576[122, 556, 544, 106, 39, 31, 50, 143]
6.6[124, 551, 510, 105, 43, 43, 66, 140]
6.614[109, 480, 503, 112, 42, 42, 63, 128]
6.636[109, 535, 383, 107, 43, 40, 61, 134]
6.659[108, 542, 441, 125, 49, 43, 75, 144]
6.674[118, 604, 445, 127, 49, 41, 73, 148]
6.696[114, 582, 551, 134, 46, 33, 62, 164]
6.719[119, 585, 563, 134, 45, 33, 64, 181]
6.741[129, 612, 568, 124, 43, 35, 70, 181]
6.757[132, 609, 561, 101, 38, 30, 50, 174]
6.779[139, 585, 624, 102, 41, 34, 51, 166]
6.802[141, 590, 537, 83, 40, 29, 51, 168]
6.817[142, 621, 523, 77, 42, 30, 52, 155]
6.839[133, 580, 510, 83, 45, 30, 43, 142]
6.862[124, 516, 470, 79, 44, 30, 43, 140]
6.877[126, 607, 433, 86, 43, 29, 41, 124]
6.899[132, 644, 498, 91, 41, 31, 35, 107]
6.922[138, 640, 488, 95, 43, 32, 35, 99]
6.936[145, 626, 531, 95, 39, 30, 35, 104]
6.959[163, 650, 516, 93, 39, 30, 42, 156]
6.982[170, 613, 480, 92, 38, 27, 43, 175]
6.997[163, 574, 415, 108, 46, 28, 43, 169]
7.019[157, 589, 454, 121, 46, 29, 42, 165]
7.041[157, 733, 456, 134, 49, 32, 44, 193]
7.056[148, 746, 461, 134, 47, 31, 39, 172]
7.079[141, 738, 549, 154, 52, 35, 38, 155]
7.102[145, 764, 644, 163, 48, 34, 40, 161]
7.116[151, 767, 638, 154, 47, 32, 38, 166]
7.139[136, 627, 666, 145, 44, 33, 49, 133]
7.162[125, 644, 693, 155, 48, 36, 47, 128]
7.177[136, 680, 626, 131, 44, 33, 50, 173]
7.2[134, 616, 523, 98, 39, 32, 49, 175]
7.222[125, 613, 498, 99, 37, 31, 55, 172]
7.237[153, 628, 434, 94, 35, 28, 43, 176]
7.259[163, 655, 412, 81, 36, 29, 48, 165]
7.282[163, 586, 470, 91, 38, 30, 46, 178]
7.296[173, 647, 486, 98, 40, 30, 50, 169]
7.319[181, 692, 486, 92, 40, 31, 40, 167]
7.341[171, 728, 491, 97, 41, 32, 43, 167]
7.357[163, 694, 478, 94, 41, 29, 41, 165]
7.38[155, 692, 452, 85, 40, 28, 38, 97]
7.41[144, 653, 443, 80, 39, 26, 35, 101]
7.417[137, 615, 446, 86, 41, 27, 37, 118]
7.439[117, 534, 423, 79, 39, 25, 35, 107]
7.462[123, 535, 421, 76, 34, 24, 32, 110]
7.476[105, 646, 402, 83, 40, 29, 37, 117]
7.499[114, 649, 438, 84, 42, 32, 40, 123]
7.521[109, 600, 434, 82, 42, 32, 42, 103]
7.537[105, 620, 466, 86, 45, 32, 45, 108]
7.559[95, 573, 464, 90, 46, 32, 50, 104]
7.582[106, 484, 471, 83, 42, 28, 47, 99]
7.597[106, 463, 428, 93, 40, 27, 43, 85]
7.619[106, 464, 457, 92, 39, 27, 42, 84]
7.642[110, 460, 448, 90, 36, 26, 40, 76]
7.664[118, 540, 602, 110, 41, 29, 48, 88]
7.679[111, 473, 589, 116, 47, 35, 49, 89]
7.702[94, 538, 584, 106, 46, 33, 49, 88]
7.732[98, 608, 572, 112, 51, 34, 48, 86]
7.739[98, 586, 635, 113, 52, 35, 49, 85]
7.762[86, 521, 485, 120, 54, 34, 31, 66]
7.784[75, 507, 513, 125, 48, 30, 29, 43]
7.799[74, 424, 594, 161, 63, 33, 28, 38]
7.822[61, 283, 574, 194, 67, 32, 28, 30]
7.844[51, 260, 488, 222, 76, 33, 25, 28]
7.86[47, 185, 502, 252, 82, 34, 26, 25]
7.881[38, 155, 471, 297, 96, 38, 26, 23]
7.904[32, 103, 344, 294, 90, 39, 25, 22]
7.919[31, 82, 338, 291, 96, 41, 27, 22]
7.95[30, 77, 306, 283, 97, 44, 29, 23]
7.964[27, 69, 266, 284, 99, 43, 28, 23]
7.979[28, 65, 236, 242, 92, 41, 28, 24]
8.003[30, 71, 279, 264, 99, 48, 30, 27]
8.024[29, 70, 272, 247, 94, 45, 30, 27]
8.04[31, 74, 295, 253, 92, 44, 31, 28]
8.061[33, 83, 305, 258, 94, 49, 35, 30]
8.085[33, 83, 318, 257, 92, 48, 36, 29]
8.099[32, 72, 308, 220, 82, 39, 34, 27]
8.122[32, 82, 321, 251, 79, 41, 34, 28]
8.144[30, 81, 316, 257, 78, 40, 31, 29]
8.159[25, 72, 304, 214, 71, 35, 29, 25]
8.181[24, 70, 331, 205, 64, 36, 28, 25]
8.204[24, 74, 334, 204, 65, 35, 27, 25]
8.221[25, 57, 313, 158, 61, 32, 26, 26]
8.242[26, 50, 286, 110, 54, 32, 26, 23]
8.264[27, 50, 307, 97, 44, 28, 23, 22]
8.287[30, 53, 248, 94, 43, 25, 23, 23]
8.301[30, 48, 223, 93, 43, 26, 24, 22]
8.324[29, 51, 249, 89, 40, 27, 24, 20]
8.339[27, 52, 257, 85, 38, 28, 25, 19]
8.362[29, 52, 273, 90, 40, 29, 25, 21]
8.385[24, 50, 272, 84, 41, 30, 24, 19]
8.399[24, 50, 265, 79, 40, 29, 23, 19]
8.422[24, 57, 320, 83, 41, 29, 27, 22]
8.445[26, 54, 330, 105, 46, 28, 27, 22]
8.459[22, 54, 310, 107, 45, 27, 28, 20]
8.482[27, 69, 345, 112, 43, 28, 28, 23]
8.505[27, 70, 360, 131, 52, 30, 29, 23]
8.519[28, 66, 317, 134, 57, 30, 27, 21]
8.542[27, 68, 328, 122, 54, 28, 25, 21]
8.565[30, 65, 326, 125, 58, 29, 27, 23]
8.579[27, 54, 314, 128, 59, 26, 27, 19]
8.61[26, 53, 295, 121, 50, 26, 26, 22]
8.625[25, 51, 297, 112, 46, 25, 25, 22]
8.647[27, 53, 330, 111, 47, 27, 27, 22]
8.663[26, 54, 316, 101, 42, 27, 23, 20]
8.685[27, 51, 287, 95, 38, 28, 24, 22]
8.708[26, 48, 282, 73, 38, 27, 25, 20]
8.721[25, 48, 264, 73, 40, 26, 23, 22]
8.745[26, 67, 289, 90, 38, 23, 20, 22]
8.767[23, 69, 282, 90, 38, 23, 22, 23]
8.782[22, 69, 290, 90, 38, 22, 20, 22]
8.805[24, 69, 300, 109, 41, 21, 22, 22]
8.827[25, 67, 297, 109, 42, 21, 25, 22]
8.843[21, 48, 242, 101, 37, 22, 24, 22]
8.865[25, 45, 237, 99, 38, 25, 24, 23]
8.888[24, 41, 223, 94, 37, 26, 25, 23]
8.901[23, 44, 220, 76, 35, 26, 24, 23]
8.925[23, 47, 241, 71, 31, 28, 21, 20]
8.947[25, 65, 247, 51, 32, 28, 23, 21]
8.961[21, 65, 255, 50, 33, 24, 23, 20]
8.985[25, 72, 269, 50, 33, 24, 24, 22]
9.007[27, 78, 347, 47, 31, 24, 24, 20]
9.022[26, 78, 331, 56, 34, 22, 26, 21]
9.045[25, 58, 286, 74, 38, 22, 25, 19]
9.067[25, 56, 286, 80, 41, 24, 25, 20]
9.081[25, 49, 283, 79, 44, 25, 24, 22]
9.106[23, 43, 212, 90, 49, 25, 24, 24]
9.127[23, 40, 210, 90, 46, 24, 22, 23]
9.15[23, 41, 205, 84, 43, 24, 24, 25]
9.165[26, 42, 199, 91, 45, 23, 23, 24]
9.187[24, 44, 210, 104, 46, 24, 24, 23]
9.202[25, 37, 159, 95, 44, 25, 25, 21]
9.225[26, 35, 146, 90, 43, 25, 25, 22]
9.247[26, 41, 176, 84, 43, 26, 24, 20]
9.262[24, 42, 196, 67, 38, 28, 24, 21]
9.285[23, 58, 271, 54, 34, 27, 22, 20]
9.307[26, 68, 281, 57, 33, 25, 19, 20]
9.321[24, 69, 292, 59, 35, 28, 18, 20]
9.345[23, 65, 280, 60, 38, 29, 22, 20]
9.367[23, 65, 272, 64, 48, 30, 23, 20]
9.381[23, 57, 238, 114, 54, 31, 25, 21]
9.405[23, 48, 231, 120, 55, 30, 26, 22]
9.427[24, 45, 216, 125, 58, 33, 27, 22]
9.442[25, 47, 216, 130, 57, 32, 26, 22]
9.465[25, 44, 203, 129, 48, 29, 25, 25]
9.487[25, 36, 137, 84, 40, 29, 24, 24]
9.503[21, 38, 194, 71, 37, 29, 24, 24]
9.525[23, 45, 216, 64, 33, 24, 24, 23]
9.548[22, 46, 212, 51, 29, 25, 23, 23]
9.57[23, 46, 211, 47, 30, 24, 22, 20]
9.585[25, 50, 232, 48, 31, 25, 24, 20]
9.607[25, 55, 222, 63, 34, 26, 23, 20]
9.63[25, 53, 207, 66, 35, 27, 25, 21]
9.645[25, 51, 227, 75, 37, 25, 24, 23]
9.667[27, 57, 254, 83, 37, 27, 24, 22]
9.69[25, 55, 256, 84, 37, 25, 22, 22]
9.705[25, 46, 224, 73, 36, 25, 25, 22]
9.728[25, 44, 225, 70, 35, 24, 21, 23]
9.75[24, 43, 203, 65, 34, 24, 25, 23]
9.765[23, 36, 164, 58, 32, 22, 23, 23]
9.787[24, 33, 173, 58, 36, 22, 24, 23]
9.81[24, 32, 184, 58, 35, 21, 20, 22]
9.825[21, 36, 189, 56, 34, 23, 22, 20]
9.847[26, 38, 197, 63, 40, 24, 19, 20]
9.87[24, 42, 222, 64, 42, 25, 19, 20]
9.885[24, 42, 210, 72, 40, 26, 21, 19]
9.907[25, 45, 198, 69, 40, 27, 23, 20]
9.931[26, 41, 188, 70, 41, 28, 24, 19]
9.945[22, 44, 227, 66, 33, 26, 25, 22]
9.969[24, 42, 224, 65, 34, 29, 25, 22]
9.99[23, 39, 200, 58, 35, 27, 24, 22]
10.005[21, 37, 206, 60, 35, 28, 26, 23]
10.027[21, 43, 215, 60, 37, 25, 24, 25]
10.05[23, 48, 211, 55, 39, 26, 25, 23]
10.072[22, 48, 196, 52, 36, 25, 27, 24]
10.087[23, 50, 191, 50, 42, 29, 27, 24]
10.11[24, 54, 249, 52, 42, 28, 24, 23]
10.126[23, 51, 249, 51, 39, 29, 25, 20]
10.147[23, 43, 210, 59, 49, 30, 26, 21]
10.171[23, 43, 216, 59, 51, 31, 24, 19]
10.184[23, 46, 246, 61, 44, 28, 24, 18]
10.207[24, 41, 185, 60, 46, 31, 23, 20]
10.23[24, 41, 191, 62, 48, 31, 22, 20]
10.244[22, 40, 198, 50, 34, 31, 19, 23]
10.275[21, 38, 186, 51, 31, 27, 19, 22]
10.29[23, 30, 145, 47, 32, 29, 20, 23]
10.304[22, 33, 178, 50, 33, 26, 24, 22]
10.327[24, 31, 172, 48, 33, 25, 25, 22]
10.351[23, 31, 183, 47, 35, 23, 25, 17]
10.364[24, 30, 189, 44, 35, 27, 27, 19]
10.388[22, 32, 211, 43, 38, 27, 29, 20]
10.41[23, 34, 204, 50, 38, 27, 26, 21]
10.424[22, 37, 197, 49, 37, 28, 25, 22]
10.447[23, 38, 182, 49, 35, 27, 25, 23]
10.47[23, 38, 172, 49, 36, 24, 23, 23]
10.484[23, 37, 145, 51, 38, 21, 23, 24]
10.507[23, 33, 129, 42, 38, 24, 24, 25]
10.531[24, 32, 121, 42, 38, 23, 26, 23]
10.553[24, 32, 122, 42, 38, 24, 27, 23]
10.568[26, 34, 159, 53, 46, 27, 26, 23]
10.589[24, 35, 174, 57, 44, 29, 23, 21]
10.612[23, 33, 164, 65, 43, 28, 23, 21]
10.628[24, 30, 162, 70, 44, 29, 22, 23]
10.649[27, 30, 177, 70, 46, 28, 20, 25]
10.671[24, 29, 182, 64, 40, 29, 21, 26]
10.688[25, 30, 177, 62, 39, 29, 22, 26]
10.709[25, 32, 174, 66, 45, 28, 22, 26]
10.731[22, 32, 183, 62, 46, 27, 21, 25]
10.75[22, 31, 169, 62, 44, 27, 21, 21]
10.77[22, 31, 138, 60, 41, 25, 22, 21]
10.792[21, 33, 135, 57, 41, 23, 19, 21]
10.808[25, 32, 153, 45, 38, 25, 17, 22]
10.829[26, 34, 163, 50, 40, 26, 19, 22]
10.851[24, 38, 166, 52, 40, 25, 19, 23]
10.876[24, 40, 184, 61, 44, 25, 20, 22]
10.889[23, 38, 182, 66, 45, 27, 21, 22]
10.911[20, 41, 173, 64, 41, 23, 22, 21]
10.928[23, 39, 154, 61, 37, 23, 22, 23]
10.949[21, 35, 145, 61, 37, 23, 21, 23]
10.972[24, 46, 200, 60, 32, 25, 21, 23]
10.988[25, 47, 227, 56, 29, 25, 20, 25]
11.009[26, 46, 224, 56, 28, 27, 23, 26]
11.032[24, 47, 228, 53, 27, 27, 23, 23]
11.048[25, 46, 228, 52, 31, 29, 25, 24]
11.069[24, 31, 155, 56, 32, 28, 25, 22]
11.093[24, 30, 113, 61, 42, 27, 25, 22]
11.108[26, 28, 117, 62, 43, 26, 26, 21]
11.129[25, 26, 109, 63, 46, 26, 27, 22]
11.151[25, 32, 136, 78, 43, 25, 27, 22]
11.168[23, 37, 165, 75, 45, 25, 28, 23]
11.19[24, 35, 159, 74, 36, 24, 28, 21]
11.212[22, 38, 152, 73, 34, 23, 25, 22]
11.228[22, 38, 155, 78, 34, 24, 24, 21]
11.249[23, 35, 154, 64, 36, 27, 24, 21]
11.273[23, 32, 140, 68, 34, 27, 24, 20]
11.288[22, 34, 144, 71, 36, 28, 24, 20]
11.309[23, 33, 151, 74, 37, 28, 24, 20]
11.331[24, 31, 150, 69, 36, 29, 24, 22]
11.348[23, 35, 152, 71, 37, 28, 25, 21]
11.369[27, 33, 137, 66, 42, 27, 23, 22]
11.391[26, 33, 139, 56, 39, 26, 25, 23]
11.408[25, 32, 145, 50, 40, 28, 24, 22]
11.429[24, 38, 183, 55, 39, 26, 25, 20]
11.454[25, 37, 172, 54, 39, 24, 26, 21]
11.474[22, 39, 170, 51, 36, 25, 27, 19]
11.49[23, 37, 166, 56, 39, 24, 24, 19]
11.511[25, 42, 231, 58, 37, 23, 24, 19]
11.534[28, 38, 233, 57, 37, 24, 23, 19]
11.549[26, 38, 229, 54, 35, 24, 22, 18]
11.571[25, 36, 229, 59, 36, 24, 22, 20]
11.594[24, 37, 233, 55, 33, 26, 25, 20]
11.617[25, 33, 206, 58, 33, 25, 24, 22]
11.632[23, 32, 183, 57, 35, 24, 25, 23]
11.655[23, 30, 179, 55, 36, 25, 25, 23]
11.671[24, 34, 212, 52, 36, 25, 26, 22]
11.692[27, 37, 217, 71, 42, 25, 25, 22]
11.714[25, 36, 175, 70, 45, 26, 24, 21]
11.729[28, 35, 167, 70, 46, 29, 22, 20]
11.752[28, 35, 169, 70, 45, 29, 25, 19]
11.774[31, 34, 160, 67, 43, 27, 22, 22]
11.789[30, 33, 154, 56, 39, 26, 21, 21]
11.812[31, 34, 159, 60, 34, 26, 21, 21]
11.834[28, 34, 152, 57, 32, 25, 22, 20]
11.849[30, 39, 171, 60, 33, 24, 19, 22]
11.872[29, 40, 165, 62, 33, 25, 20, 20]
11.894[27, 39, 160, 70, 34, 26, 22, 21]
11.909[25, 39, 150, 65, 35, 24, 23, 20]
11.931[26, 48, 210, 71, 39, 22, 23, 22]
11.954[23, 49, 201, 71, 40, 24, 24, 20]
11.969[22, 46, 181, 70, 40, 25, 25, 21]
11.991[23, 45, 175, 58, 37, 22, 24, 21]
12.014[23, 44, 176, 58, 38, 23, 22, 21]
12.029[22, 35, 95, 48, 34, 23, 23, 23]
12.052[24, 30, 103, 53, 32, 21, 23, 23]
12.074[24, 32, 118, 58, 36, 22, 22, 24]
12.089[25, 34, 123, 53, 36, 23, 23, 24]
12.111[24, 35, 120, 54, 37, 24, 22, 24]
12.134[25, 34, 130, 60, 38, 25, 21, 22]
12.149[25, 37, 130, 59, 37, 29, 22, 23]
12.171[23, 38, 134, 56, 33, 28, 21, 21]
12.194[23, 37, 137, 61, 33, 29, 23, 22]
12.217[23, 39, 146, 62, 31, 28, 23, 24]
12.233[28, 38, 155, 70, 35, 27, 24, 25]
12.254[26, 36, 156, 65, 38, 26, 24, 25]
12.269[27, 36, 156, 67, 39, 25, 24, 25]
12.291[25, 36, 166, 65, 39, 24, 23, 26]
12.314[27, 34, 165, 65, 42, 24, 26, 24]
12.329[25, 35, 156, 52, 37, 26, 24, 24]
12.351[26, 32, 150, 59, 36, 25, 23, 24]
12.374[25, 30, 154, 61, 37, 25, 26, 23]
12.396[25, 30, 145, 63, 37, 26, 25, 20]
12.411[26, 31, 150, 72, 36, 27, 24, 21]
12.434[24, 31, 156, 73, 36, 25, 23, 21]
12.458[23, 32, 145, 77, 37, 26, 25, 23]
12.471[23, 32, 124, 73, 36, 25, 21, 23]
12.495[27, 32, 121, 74, 36, 24, 22, 24]
12.516[26, 43, 228, 68, 35, 24, 22, 25]
12.532[26, 48, 256, 72, 37, 23, 22, 24]
12.554[26, 55, 282, 71, 36, 21, 22, 21]
12.577[26, 57, 288, 78, 39, 22, 25, 24]
12.591[24, 59, 302, 73, 39, 23, 26, 23]
12.614[25, 51, 235, 71, 37, 22, 23, 21]
12.636[25, 48, 234, 72, 35, 25, 27, 24]
12.651[25, 40, 208, 64, 34, 27, 29, 25]
12.684[27, 35, 203, 55, 31, 28, 29, 24]
12.696[26, 34, 191, 56, 32, 30, 29, 24]
12.712[24, 40, 193, 51, 31, 30, 30, 24]
12.734[24, 37, 181, 54, 32, 28, 28, 23]
12.757[24, 38, 182, 60, 34, 28, 25, 23]
12.773[25, 38, 188, 61, 32, 28, 22, 24]
12.794[26, 41, 191, 64, 33, 26, 22, 23]
12.816[27, 37, 193, 67, 36, 26, 21, 25]
12.831[32, 44, 186, 63, 40, 25, 20, 25]
12.854[30, 45, 183, 76, 41, 27, 25, 25]
12.876[30, 44, 178, 76, 41, 24, 24, 23]
12.892[29, 42, 168, 77, 41, 23, 25, 24]
12.917[28, 40, 165, 86, 44, 25, 26, 23]
12.937[24, 31, 172, 88, 41, 25, 25, 21]
12.954[24, 30, 174, 73, 38, 27, 22, 21]
12.974[22, 32, 182, 75, 42, 27, 26, 22]
12.996[21, 40, 224, 77, 41, 29, 25, 22]
13.011[22, 57, 304, 69, 35, 28, 24, 21]
13.034[22, 58, 295, 67, 37, 30, 25, 23]
13.057[22, 56, 293, 65, 39, 26, 23, 23]
13.071[30, 83, 303, 65, 39, 27, 22, 21]
13.094[34, 85, 294, 98, 59, 29, 23, 22]
13.116[44, 152, 225, 104, 64, 31, 27, 25]
13.133[51, 211, 316, 120, 70, 33, 29, 26]
13.154[62, 288, 387, 129, 73, 34, 30, 27]
13.177[70, 395, 403, 174, 77, 35, 32, 30]
13.191[87, 419, 398, 191, 70, 34, 32, 32]
13.214[119, 500, 442, 211, 70, 34, 31, 33]
13.236[124, 537, 433, 220, 70, 31, 28, 33]
13.251[133, 536, 479, 221, 67, 31, 26, 33]
13.274[138, 500, 475, 210, 64, 30, 25, 31]
13.296[147, 668, 533, 190, 59, 29, 36, 93]
13.327[137, 680, 566, 184, 62, 33, 38, 97]
13.334[196, 722, 601, 174, 60, 34, 45, 99]
13.356[195, 730, 598, 177, 61, 36, 46, 100]
13.38[214, 766, 698, 162, 63, 38, 60, 107]
13.394[242, 746, 688, 173, 75, 48, 67, 122]
13.416[254, 785, 687, 165, 75, 46, 69, 132]
13.44[237, 791, 710, 165, 77, 49, 99, 135]
13.454[259, 827, 787, 182, 78, 58, 145, 143]
13.476[267, 924, 816, 180, 75, 58, 146, 140]
13.5[252, 993, 830, 158, 64, 56, 147, 111]
13.514[267, 1034, 838, 161, 59, 57, 150, 102]
13.537[251, 1031, 813, 185, 60, 56, 134, 107]
13.563[268, 1069, 716, 177, 68, 51, 157, 103]
13.574[259, 1024, 632, 178, 68, 51, 168, 145]
13.596[257, 966, 626, 215, 72, 47, 168, 155]
13.62[231, 962, 608, 219, 74, 48, 169, 154]
13.634[233, 1031, 659, 205, 71, 49, 183, 155]
13.656[208, 1016, 771, 203, 68, 50, 158, 155]
13.68[199, 978, 774, 205, 71, 50, 158, 195]
13.694[192, 916, 783, 182, 69, 55, 158, 182]
13.725[193, 856, 846, 181, 68, 53, 154, 183]
13.74[185, 839, 849, 191, 72, 55, 137, 180]
13.756[160, 874, 843, 195, 70, 55, 171, 177]
13.777[161, 892, 852, 195, 66, 52, 166, 108]
13.801[145, 917, 840, 203, 74, 50, 166, 108]
13.813[151, 973, 771, 199, 79, 52, 166, 110]
13.837[150, 1035, 700, 182, 75, 50, 164, 118]
13.867[154, 953, 608, 168, 70, 42, 90, 121]
13.882[152, 977, 607, 167, 74, 44, 70, 100]
13.897[177, 954, 640, 160, 68, 48, 70, 115]
13.92[180, 954, 615, 157, 61, 46, 130, 127]
13.934[184, 815, 636, 160, 60, 44, 134, 120]
13.957[192, 857, 630, 162, 62, 46, 139, 125]
13.981[196, 841, 622, 157, 57, 46, 140, 123]
13.994[177, 828, 558, 154, 61, 46, 138, 126]
14.017[164, 706, 588, 152, 59, 44, 81, 114]
14.04[159, 691, 563, 157, 62, 44, 76, 115]
14.054[144, 690, 630, 157, 65, 44, 65, 107]
14.077[137, 697, 624, 161, 69, 45, 61, 109]
14.1[155, 724, 654, 144, 59, 39, 51, 98]
14.114[160, 814, 638, 160, 68, 45, 53, 107]
14.137[158, 839, 643, 150, 67, 45, 53, 103]
14.16[176, 844, 534, 148, 65, 43, 47, 124]
14.174[168, 856, 509, 142, 63, 44, 46, 140]
14.198[172, 876, 655, 170, 64, 42, 42, 130]
14.22[170, 816, 727, 164, 62, 40, 43, 127]
14.235[173, 837, 760, 162, 63, 43, 51, 150]
14.257[162, 832, 807, 163, 63, 44, 51, 135]
14.282[169, 845, 813, 165, 62, 43, 53, 130]
14.302[153, 925, 734, 151, 61, 42, 57, 137]
14.317[175, 917, 680, 138, 54, 39, 54, 141]
14.34[173, 875, 655, 139, 49, 35, 44, 123]
14.362[165, 873, 698, 155, 50, 34, 48, 162]
14.377[172, 825, 724, 176, 55, 33, 50, 166]
14.4[165, 706, 682, 164, 52, 32, 46, 168]
14.422[133, 772, 697, 166, 50, 31, 45, 161]
14.439[135, 800, 723, 164, 51, 30, 43, 155]
14.46[144, 828, 645, 148, 50, 32, 42, 144]
14.483[122, 825, 642, 150, 49, 31, 39, 133]
14.497[130, 819, 639, 151, 59, 37, 42, 130]
14.52[133, 785, 587, 140, 57, 35, 44, 134]
14.542[141, 745, 584, 147, 58, 38, 47, 138]
14.557[146, 689, 554, 138, 57, 34, 45, 115]
14.58[146, 683, 518, 100, 53, 34, 44, 107]
14.603[136, 712, 502, 99, 46, 33, 40, 107]
14.618[149, 685, 487, 105, 47, 33, 36, 107]
14.639[142, 706, 454, 91, 44, 33, 36, 99]
14.671[121, 794, 509, 95, 51, 36, 33, 98]
14.677[133, 831, 498, 117, 57, 40, 36, 101]
14.7[135, 821, 525, 118, 55, 37, 35, 96]
14.722[109, 803, 581, 138, 58, 39, 40, 87]
14.737[106, 842, 553, 138, 58, 37, 36, 87]
14.76[118, 751, 508, 138, 54, 37, 38, 93]
14.782[115, 714, 478, 127, 45, 33, 34, 105]
14.796[108, 732, 466, 126, 48, 33, 38, 112]
14.82[113, 774, 412, 114, 51, 34, 36, 111]
14.842[111, 729, 454, 118, 52, 33, 37, 125]
14.856[102, 766, 449, 132, 50, 32, 37, 111]
14.88[90, 745, 528, 154, 51, 31, 38, 97]
14.903[126, 720, 574, 174, 54, 34, 36, 86]
14.916[128, 697, 576, 171, 52, 30, 37, 90]
14.94[126, 686, 566, 182, 53, 32, 37, 100]
14.962[129, 722, 624, 171, 53, 33, 35, 101]
14.976[138, 726, 588, 152, 54, 36, 40, 104]
15.0[122, 715, 582, 122, 46, 32, 37, 103]
15.022[134, 789, 605, 123, 46, 33, 36, 103]
15.036[137, 801, 563, 101, 45, 32, 36, 94]
15.06[147, 864, 564, 109, 48, 32, 40, 104]
15.082[148, 869, 548, 110, 53, 34, 40, 103]
15.098[141, 859, 553, 109, 53, 35, 40, 99]
15.119[149, 757, 546, 111, 53, 34, 41, 107]
15.142[149, 800, 603, 115, 52, 35, 43, 104]
15.156[136, 698, 585, 127, 49, 36, 40, 95]
15.18[128, 707, 599, 143, 45, 31, 34, 92]
15.202[144, 755, 561, 144, 47, 33, 36, 95]
15.216[126, 788, 607, 138, 48, 34, 34, 85]
15.24[125, 711, 601, 149, 51, 36, 32, 80]
15.27[134, 706, 551, 139, 51, 36, 35, 76]
15.285[131, 711, 552, 114, 49, 37, 34, 76]
15.301[118, 688, 516, 119, 53, 38, 37, 77]
15.322[122, 760, 503, 123, 54, 40, 38, 68]
15.345[116, 772, 562, 131, 52, 36, 39, 85]
15.359[103, 739, 592, 131, 52, 34, 36, 100]
15.382[124, 759, 570, 136, 52, 35, 37, 102]
15.405[124, 706, 564, 133, 51, 36, 40, 106]
15.42[121, 626, 493, 130, 48, 34, 41, 108]
15.442[124, 635, 406, 112, 46, 35, 40, 125]
15.465[121, 634, 397, 108, 44, 34, 40, 115]
15.48[99, 628, 418, 102, 41, 32, 40, 115]
15.504[95, 687, 436, 101, 39, 29, 35, 111]
15.525[95, 649, 453, 95, 36, 29, 34, 110]
15.547[92, 651, 418, 88, 38, 29, 33, 64]
15.561[101, 670, 402, 86, 37, 29, 33, 71]
15.584[99, 659, 385, 96, 40, 30, 33, 69]
15.6[98, 664, 467, 99, 42, 31, 30, 66]
15.621[98, 681, 467, 97, 44, 33, 30, 80]
15.644[114, 668, 536, 100, 44, 33, 31, 86]
15.66[122, 620, 598, 100, 47, 37, 33, 78]
15.682[125, 600, 608, 103, 49, 38, 33, 77]
15.706[117, 565, 571, 103, 47, 36, 33, 76]
15.72[118, 625, 594, 101, 46, 35, 37, 62]
15.743[113, 617, 614, 109, 45, 34, 35, 47]
15.764[113, 741, 611, 121, 46, 32, 34, 42]
15.781[113, 722, 608, 109, 44, 31, 34, 42]
15.802[127, 742, 617, 112, 46, 34, 35, 43]
15.825[144, 758, 602, 115, 47, 36, 36, 40]
15.84[135, 751, 558, 104, 44, 35, 37, 38]
15.861[128, 652, 498, 94, 43, 36, 38, 38]
15.884[133, 649, 490, 94, 47, 38, 39, 39]
15.9[123, 663, 487, 86, 43, 36, 36, 36]
15.922[97, 638, 503, 100, 42, 33, 33, 35]
15.944[128, 782, 516, 104, 45, 37, 33, 37]
15.962[124, 770, 531, 103, 44, 36, 29, 35]
15.981[131, 784, 532, 101, 38, 31, 27, 32]
16.004[128, 796, 504, 115, 42, 32, 28, 33]
16.02[124, 752, 462, 106, 42, 32, 28, 31]
16.041[105, 591, 416, 117, 42, 31, 27, 31]
16.064[102, 574, 434, 118, 42, 31, 27, 31]
16.08[84, 561, 429, 127, 46, 34, 33, 35]
16.102[91, 464, 484, 130, 44, 33, 32, 34]
16.124[97, 521, 482, 133, 45, 35, 33, 35]
16.14[81, 537, 504, 124, 44, 34, 34, 33]
16.162[90, 611, 486, 123, 44, 34, 35, 37]
16.184[90, 579, 506, 118, 42, 34, 29, 35]
16.207[97, 621, 514, 121, 39, 34, 29, 36]
16.222[97, 595, 535, 116, 42, 35, 30, 38]
16.244[98, 650, 501, 115, 44, 34, 28, 39]
16.266[105, 640, 534, 112, 47, 33, 30, 35]
16.281[102, 686, 568, 109, 44, 31, 30, 34]
16.304[98, 681, 539, 114, 45, 32, 31, 37]
16.326[91, 673, 558, 120, 42, 28, 30, 34]
16.341[88, 664, 581, 119, 41, 29, 30, 32]
16.366[91, 696, 569, 132, 39, 31, 32, 36]
16.386[100, 687, 527, 133, 40, 33, 33, 35]
16.401[105, 713, 506, 116, 41, 32, 32, 32]
16.424[105, 708, 466, 110, 42, 33, 33, 31]
16.455[109, 696, 474, 110, 46, 34, 33, 32]
16.462[110, 693, 423, 95, 45, 34, 32, 31]
16.484[107, 661, 402, 105, 48, 34, 32, 30]
16.508[101, 644, 410, 105, 48, 33, 34, 32]
16.521[103, 616, 444, 107, 48, 32, 31, 30]
16.544[95, 552, 401, 184, 68, 33, 30, 28]
16.566[78, 428, 384, 189, 71, 34, 28, 26]
16.583[73, 388, 439, 191, 72, 34, 28, 27]
16.604[60, 307, 451, 202, 80, 36, 27, 26]
16.626[54, 288, 411, 201, 80, 36, 27, 27]
16.641[56, 266, 393, 149, 67, 35, 30, 29]
16.664[46, 254, 398, 156, 68, 32, 30, 26]
16.687[39, 246, 318, 177, 71, 30, 29, 27]
16.702[33, 163, 296, 179, 68, 27, 30, 29]
16.724[29, 138, 307, 189, 77, 34, 30, 30]
16.747[24, 122, 301, 193, 79, 34, 31, 30]
16.762[24, 105, 289, 211, 85, 34, 31, 30]
16.785[26, 85, 282, 211, 88, 37, 31, 28]
16.806[26, 77, 264, 228, 90, 41, 29, 24]
16.823[27, 63, 255, 253, 89, 37, 26, 21]
16.844[26, 57, 258, 278, 95, 39, 24, 19]
16.867[26, 59, 270, 260, 94, 40, 22, 19]
16.889[25, 58, 274, 292, 95, 38, 22, 20]
16.904[26, 51, 229, 318, 117, 43, 26, 23]
16.935[25, 48, 227, 306, 119, 46, 28, 23]
16.941[25, 47, 249, 280, 114, 44, 31, 23]
16.964[25, 44, 240, 314, 115, 45, 33, 23]
16.986[25, 44, 241, 299, 116, 47, 34, 23]
17.001[26, 53, 255, 274, 96, 40, 31, 23]
17.025[25, 53, 251, 309, 102, 37, 31, 23]
17.047[26, 60, 239, 314, 104, 40, 30, 25]
17.063[25, 59, 239, 278, 98, 40, 29, 25]
17.084[29, 65, 313, 343, 101, 38, 29, 25]
17.107[26, 52, 295, 339, 101, 39, 31, 23]
17.129[27, 55, 326, 299, 85, 38, 29, 24]
17.144[28, 56, 328, 299, 79, 35, 28, 21]
17.166[28, 66, 363, 302, 83, 33, 26, 19]
17.189[24, 68, 334, 261, 83, 34, 28, 22]
17.213[25, 75, 339, 241, 79, 31, 27, 21]
17.226[24, 77, 310, 235, 80, 33, 26, 22]
17.25[24, 73, 314, 221, 79, 31, 27, 23]
17.263[23, 76, 339, 212, 73, 30, 25, 24]
17.288[24, 73, 296, 169, 71, 29, 24, 21]
17.309[22, 65, 287, 166, 70, 27, 22, 22]
17.324[22, 67, 289, 167, 68, 26, 22, 25]
17.346[20, 68, 277, 183, 76, 28, 21, 24]
17.369[22, 57, 239, 219, 92, 36, 23, 24]
17.384[22, 62, 264, 182, 81, 34, 22, 26]
17.406[25, 71, 269, 187, 81, 36, 24, 28]
17.429[24, 68, 254, 184, 79, 37, 25, 25]
17.444[26, 63, 237, 171, 70, 40, 23, 26]
17.466[26, 68, 213, 123, 48, 33, 22, 25]
17.488[26, 64, 193, 139, 46, 33, 24, 26]
17.504[26, 58, 191, 128, 41, 33, 24, 24]
17.526[25, 55, 195, 126, 42, 34, 25, 25]
17.549[29, 62, 253, 119, 47, 31, 25, 25]
17.564[29, 61, 242, 131, 59, 34, 29, 26]
17.586[29, 57, 236, 113, 61, 33, 28, 25]
17.609[27, 54, 237, 118, 63, 32, 27, 27]
17.624[28, 52, 229, 115, 64, 31, 25, 26]
17.647[26, 53, 193, 123, 61, 30, 27, 25]
17.669[25, 66, 244, 124, 53, 27, 25, 25]
17.685[25, 67, 248, 115, 51, 30, 25, 24]
17.706[25, 79, 292, 104, 53, 32, 24, 21]
17.73[25, 84, 308, 110, 54, 31, 24, 20]
17.744[23, 82, 309, 117, 59, 33, 24, 20]
17.766[23, 69, 280, 124, 64, 36, 26, 19]
17.789[23, 67, 268, 124, 62, 35, 27, 22]
17.804[23, 54, 230, 129, 59, 33, 28, 22]
17.827[21, 55, 241, 127, 59, 33, 29, 22]
17.849[20, 55, 233, 113, 50, 31, 26, 23]
17.864[20, 54, 211, 87, 38, 25, 23, 22]
17.888[21, 57, 234, 94, 44, 24, 23, 21]
17.91[20, 55, 225, 90, 49, 28, 23, 22]
17.924[22, 55, 264, 93, 49, 26, 21, 22]
17.946[23, 52, 261, 95, 49, 25, 22, 20]
17.969[22, 54, 268, 87, 49, 26, 23, 22]
17.984[23, 56, 266, 90, 46, 27, 24, 22]
18.006[23, 57, 268, 85, 41, 24, 22, 22]
18.029[24, 53, 190, 80, 41, 26, 25, 23]
18.045[23, 49, 173, 78, 39, 26, 24, 23]
18.067[23, 46, 164, 79, 43, 28, 24, 22]
18.088[22, 56, 178, 75, 42, 28, 23, 22]
18.113[23, 59, 163, 84, 46, 29, 29, 23]
18.126[20, 54, 166, 86, 47, 30, 27, 21]
18.149[19, 57, 192, 89, 48, 30, 27, 21]
18.172[22, 62, 208, 87, 46, 27, 27, 21]
18.187[22, 50, 180, 78, 42, 27, 28, 21]
18.209[23, 49, 194, 76, 44, 25, 22, 20]
18.232[23, 55, 215, 74, 43, 24, 23, 21]
18.246[23, 51, 196, 77, 46, 27, 22, 24]
18.269[22, 45, 183, 79, 44, 28, 24, 24]
18.294[21, 45, 191, 82, 46, 28, 23, 23]
18.306[21, 44, 203, 79, 44, 30, 25, 25]
18.33[20, 44, 203, 85, 40, 29, 24, 24]
18.351[22, 53, 232, 89, 38, 27, 24, 22]
18.366[21, 54, 223, 91, 41, 27, 22, 22]
18.389[21, 51, 216, 108, 53, 28, 26, 23]
18.412[21, 49, 218, 102, 51, 28, 27, 20]
18.426[23, 53, 236, 118, 59, 29, 29, 21]
18.449[22, 49, 219, 123, 61, 31, 29, 23]
18.472[22, 50, 222, 124, 61, 31, 30, 24]
18.486[21, 50, 221, 135, 54, 30, 29, 24]
18.509[21, 51, 212, 147, 56, 28, 28, 23]
18.532[21, 45, 172, 134, 53, 31, 28, 24]
18.555[22, 44, 177, 123, 52, 29, 28, 24]
18.569[24, 46, 179, 135, 54, 30, 28, 23]
18.592[25, 47, 189, 105, 51, 28, 26, 23]
18.607[24, 47, 187, 97, 48, 29, 25, 24]
18.629[22, 48, 209, 96, 45, 26, 23, 22]
18.652[24, 47, 217, 100, 49, 26, 26, 22]
18.666[21, 48, 236, 86, 48, 28, 26, 21]
18.689[22, 47, 228, 104, 50, 29, 26, 20]
18.712[23, 45, 219, 101, 50, 28, 26, 21]
18.728[21, 41, 193, 99, 58, 32, 31, 25]
18.749[20, 37, 172, 110, 59, 33, 29, 24]
18.774[21, 37, 184, 114, 58, 33, 30, 26]
18.786[20, 41, 236, 115, 60, 33, 29, 25]
18.809[23, 46, 234, 114, 64, 35, 30, 26]
18.832[23, 45, 238, 111, 56, 32, 25, 25]
18.847[23, 45, 240, 122, 66, 34, 26, 25]
18.869[23, 46, 232, 118, 68, 32, 24, 22]
18.892[25, 49, 186, 129, 73, 35, 25, 28]
18.906[23, 52, 208, 138, 78, 39, 27, 26]
18.929[24, 54, 204, 141, 80, 40, 27, 26]
18.952[25, 54, 193, 125, 67, 37, 25, 26]
18.966[24, 50, 159, 123, 63, 36, 23, 27]
18.989[23, 44, 155, 122, 64, 36, 24, 23]
19.012[23, 40, 164, 110, 55, 29, 24, 22]
19.042[23, 41, 168, 108, 53, 28, 24, 22]
19.049[22, 44, 176, 115, 54, 29, 25, 23]
19.072[23, 45, 182, 118, 58, 31, 28, 22]
19.095[22, 42, 167, 97, 46, 27, 25, 22]
19.109[21, 37, 134, 113, 45, 28, 23, 20]
19.134[21, 36, 155, 115, 47, 27, 24, 21]
19.155[19, 37, 165, 104, 43, 26, 26, 19]
19.17[21, 37, 175, 103, 42, 25, 24, 19]
19.192[22, 38, 188, 96, 43, 27, 26, 20]
19.215[23, 42, 184, 80, 41, 25, 25, 20]
19.23[22, 39, 159, 82, 54, 34, 26, 22]
19.252[24, 40, 161, 82, 56, 34, 24, 22]
19.275[23, 46, 196, 94, 65, 38, 25, 23]
19.289[25, 46, 192, 95, 68, 39, 26, 21]
19.312[25, 43, 184, 101, 68, 40, 27, 24]
19.337[25, 43, 186, 96, 60, 35, 25, 23]
19.349[23, 38, 164, 100, 61, 36, 27, 24]
19.372[23, 33, 127, 88, 51, 33, 25, 23]
19.395[19, 32, 115, 91, 49, 30, 25, 29]
19.409[19, 36, 163, 84, 47, 30, 26, 28]
19.432[19, 38, 170, 84, 46, 30, 25, 27]
19.455[20, 38, 172, 81, 42, 27, 25, 25]
19.47[21, 35, 160, 88, 40, 26, 26, 26]
19.492[21, 37, 179, 81, 35, 28, 23, 20]
19.514[21, 35, 140, 110, 51, 32, 24, 20]
19.529[21, 34, 148, 114, 49, 32, 25, 20]
19.552[20, 36, 155, 109, 48, 33, 23, 21]
19.574[20, 36, 164, 116, 57, 34, 25, 20]
19.589[21, 38, 167, 119, 59, 33, 29, 22]
19.612[22, 35, 170, 97, 50, 29, 27, 22]
19.634[25, 37, 154, 89, 51, 26, 27, 22]
19.649[25, 47, 247, 103, 56, 26, 28, 23]
19.672[25, 49, 245, 92, 52, 27, 28, 26]
19.694[26, 49, 240, 94, 53, 27, 26, 24]
19.709[25, 49, 242, 87, 50, 28, 26, 24]
19.74[22, 47, 244, 88, 51, 29, 26, 24]
19.754[22, 35, 163, 71, 47, 32, 28, 23]
19.768[22, 46, 222, 114, 50, 32, 27, 25]
19.792[20, 44, 210, 115, 50, 30, 27, 25]
19.815[20, 43, 210, 141, 62, 32, 26, 24]
19.828[21, 42, 210, 146, 65, 36, 25, 25]
19.852[23, 43, 203, 151, 66, 34, 24, 25]
19.874[22, 31, 161, 128, 59, 32, 23, 22]
19.889[25, 31, 175, 126, 61, 35, 23, 21]
19.912[25, 32, 168, 97, 50, 31, 23, 21]
19.942[25, 34, 183, 92, 44, 26, 24, 22]
19.949[23, 34, 181, 85, 43, 26, 21, 22]
19.972[25, 32, 163, 77, 44, 30, 22, 24]
19.994[22, 30, 145, 83, 43, 28, 22, 23]
20.018[22, 30, 140, 80, 40, 28, 23, 24]
20.033[21, 27, 113, 76, 37, 28, 22, 23]
20.054[21, 28, 114, 77, 35, 29, 23, 24]
20.077[22, 32, 120, 74, 37, 27, 23, 22]
20.092[22, 32, 125, 76, 37, 28, 23, 26]
20.114[23, 33, 129, 79, 37, 32, 22, 27]
20.137[25, 37, 151, 83, 39, 34, 22, 26]
20.152[24, 34, 144, 81, 39, 33, 23, 24]
20.174[23, 29, 119, 86, 40, 32, 24, 27]
20.199[22, 29, 128, 79, 39, 32, 25, 24]
20.212[20, 30, 131, 80, 42, 32, 25, 22]
20.244[19, 29, 125, 74, 40, 29, 25, 21]
20.265[21, 32, 146, 79, 45, 30, 25, 23]
20.272[22, 33, 152, 72, 43, 29, 24, 19]
20.294[24, 33, 141, 77, 44, 30, 22, 19]
20.317[26, 33, 144, 76, 43, 28, 24, 20]
20.332[24, 31, 153, 85, 44, 29, 23, 21]
20.355[23, 39, 212, 85, 41, 27, 21, 19]
20.377[22, 45, 237, 88, 40, 27, 21, 20]
20.394[22, 47, 237, 85, 41, 26, 22, 22]
20.414[19, 46, 243, 82, 40, 25, 19, 24]
20.438[20, 48, 241, 76, 41, 27, 20, 23]
20.452[20, 40, 180, 74, 41, 25, 19, 23]
20.475[21, 31, 141, 84, 47, 28, 21, 22]
20.497[20, 30, 149, 93, 47, 30, 21, 22]
20.511[22, 35, 148, 95, 46, 30, 23, 20]
20.535[22, 34, 139, 95, 45, 27, 24, 21]
20.556[23, 38, 153, 100, 46, 28, 26, 21]
20.578[26, 39, 153, 87, 38, 26, 25, 22]
20.595[28, 38, 159, 78, 35, 23, 23, 22]
20.617[27, 33, 156, 77, 35, 27, 23, 20]
20.639[27, 34, 161, 76, 37, 28, 23, 20]
20.655[26, 30, 135, 74, 39, 29, 23, 22]
20.676[23, 35, 156, 78, 42, 30, 26, 22]
20.693[20, 37, 156, 75, 45, 30, 25, 25]
20.715[21, 40, 166, 78, 47, 26, 25, 26]
20.736[21, 40, 161, 77, 47, 25, 24, 26]
20.753[22, 40, 162, 70, 44, 25, 25, 26]
20.776[21, 37, 141, 66, 42, 23, 22, 25]
20.796[21, 35, 124, 69, 40, 24, 23, 22]
20.814[23, 42, 152, 72, 39, 26, 22, 23]
20.835[22, 43, 170, 86, 40, 29, 22, 23]
20.861[23, 44, 185, 100, 46, 30, 22, 22]
20.872[22, 44, 190, 104, 45, 30, 23, 23]
20.895[22, 46, 192, 107, 44, 31, 26, 24]
20.916[22, 39, 166, 106, 48, 31, 26, 21]
20.939[24, 37, 149, 94, 44, 29, 27, 25]
20.955[22, 36, 131, 82, 43, 28, 27, 24]
20.976[23, 36, 159, 87, 42, 28, 27, 23]
20.999[24, 42, 226, 94, 47, 29, 26, 24]
21.016[23, 43, 229, 94, 43, 28, 25, 23]
21.036[22, 43, 232, 102, 46, 28, 27, 21]
21.061[23, 43, 232, 104, 43, 27, 26, 24]
21.074[22, 44, 219, 95, 40, 29, 27, 24]
21.096[20, 40, 150, 82, 37, 27, 26, 22]
21.127[21, 39, 145, 80, 39, 25, 27, 23]
21.134[20, 37, 122, 77, 37, 26, 25, 25]
21.156[21, 45, 131, 80, 39, 26, 25, 21]
21.179[28, 69, 157, 118, 43, 25, 26, 22]
21.194[46, 156, 192, 129, 44, 26, 25, 24]
21.218[57, 255, 203, 131, 43, 27, 24, 25]
21.239[64, 280, 243, 132, 44, 29, 23, 21]
21.254[67, 313, 259, 147, 54, 33, 25, 25]
21.278[102, 384, 295, 130, 55, 37, 27, 30]
21.299[121, 411, 310, 123, 52, 35, 29, 31]
21.314[132, 435, 390, 125, 53, 36, 35, 80]
21.336[176, 562, 394, 122, 54, 35, 37, 89]
21.359[178, 625, 551, 129, 51, 35, 44, 98]
21.374[177, 662, 589, 132, 57, 39, 73, 145]
21.396[175, 712, 640, 146, 68, 43, 82, 159]
21.419[191, 794, 782, 151, 75, 48, 84, 151]
21.434[190, 775, 854, 154, 76, 50, 91, 158]
21.457[232, 814, 829, 141, 73, 51, 89, 163]
21.479[244, 865, 889, 179, 70, 48, 70, 128]
21.496[259, 963, 922, 196, 65, 44, 59, 114]
21.516[257, 998, 810, 213, 65, 42, 61, 135]
21.539[241, 1035, 832, 263, 77, 43, 50, 127]
21.554[207, 996, 837, 273, 78, 44, 48, 123]
21.576[195, 965, 826, 242, 76, 43, 44, 120]
21.599[187, 926, 820, 231, 76, 48, 47, 119]
21.615[184, 865, 877, 226, 73, 46, 41, 81]
21.645[204, 832, 839, 182, 68, 44, 41, 96]
21.659[209, 921, 790, 162, 64, 41, 44, 92]
21.676[198, 976, 825, 180, 75, 47, 47, 109]
21.696[193, 921, 851, 180, 73, 42, 44, 119]
21.719[183, 901, 898, 167, 70, 42, 39, 117]
21.734[161, 878, 869, 146, 64, 40, 38, 100]
21.756[162, 872, 906, 144, 64, 42, 42, 111]
21.779[163, 847, 875, 126, 51, 36, 42, 109]
21.794[191, 858, 884, 109, 46, 35, 42, 100]
21.816[197, 861, 813, 112, 46, 35, 45, 102]
21.839[196, 849, 849, 124, 42, 34, 47, 100]
21.861[204, 774, 819, 125, 40, 30, 44, 80]
21.876[205, 734, 803, 150, 46, 36, 82, 55]
21.899[186, 773, 817, 165, 51, 41, 120, 74]
21.922[184, 816, 812, 165, 52, 43, 127, 85]
21.937[186, 937, 788, 156, 52, 46, 137, 91]
21.959[172, 956, 768, 156, 53, 47, 167, 93]
21.981[187, 1005, 730, 136, 51, 46, 155, 144]
21.996[169, 989, 658, 130, 53, 44, 132, 162]
22.019[167, 970, 708, 139, 53, 44, 127, 168]
22.042[160, 881, 806, 171, 58, 43, 116, 165]
22.056[160, 857, 904, 180, 60, 42, 73, 174]
22.079[141, 758, 920, 181, 59, 41, 143, 145]
22.101[147, 697, 902, 170, 54, 37, 144, 117]
22.118[149, 706, 851, 155, 53, 35, 145, 101]
22.147[144, 759, 864, 150, 53, 35, 147, 102]
22.163[175, 800, 781, 142, 52, 34, 178, 97]
22.176[181, 849, 771, 144, 52, 35, 132, 126]
22.207[177, 853, 799, 168, 58, 38, 131, 125]
22.221[172, 797, 799, 174, 59, 37, 131, 128]
22.236[207, 712, 772, 180, 64, 44, 132, 132]
22.259[182, 773, 855, 189, 65, 47, 87, 123]
22.281[182, 741, 849, 191, 68, 43, 76, 83]
22.296[190, 775, 799, 178, 64, 41, 69, 103]
22.319[192, 838, 803, 173, 66, 45, 136, 125]
22.341[153, 872, 707, 150, 58, 39, 138, 129]
22.357[148, 778, 651, 160, 60, 37, 141, 133]
22.378[147, 787, 661, 152, 55, 49, 190, 131]
22.402[160, 863, 838, 175, 56, 52, 204, 112]
22.416[164, 844, 792, 178, 53, 52, 178, 86]
22.439[171, 809, 860, 178, 54, 55, 181, 72]
22.461[174, 851, 838, 163, 53, 55, 177, 61]
22.484[169, 872, 853, 167, 54, 46, 124, 59]
22.499[154, 794, 665, 138, 51, 42, 100, 78]
22.521[146, 823, 656, 132, 48, 40, 143, 94]
22.536[177, 871, 577, 123, 48, 36, 137, 95]
22.559[181, 795, 570, 126, 50, 37, 139, 107]
22.581[175, 773, 584, 120, 49, 40, 141, 116]
22.596[181, 754, 635, 111, 49, 43, 140, 105]
22.619[177, 725, 650, 124, 53, 41, 76, 87]
22.641[141, 710, 652, 123, 50, 39, 71, 104]
22.664[128, 729, 657, 114, 41, 36, 64, 96]
22.679[141, 756, 589, 122, 42, 32, 59, 83]
22.701[132, 780, 529, 126, 42, 31, 58, 100]
22.717[149, 741, 545, 111, 37, 30, 57, 119]
22.739[143, 696, 558, 129, 47, 34, 56, 106]
22.762[148, 744, 511, 125, 47, 32, 53, 106]
22.777[136, 696, 510, 124, 48, 32, 49, 119]
22.799[139, 698, 582, 127, 51, 32, 45, 104]
22.821[124, 664, 599, 130, 51, 33, 40, 98]
22.845[143, 639, 586, 113, 44, 30, 42, 99]
22.859[140, 568, 623, 125, 50, 37, 44, 96]
22.881[157, 635, 628, 117, 50, 39, 51, 85]
22.904[156, 634, 581, 118, 47, 35, 51, 89]
22.919[154, 694, 539, 115, 49, 37, 54, 68]
22.942[145, 700, 495, 114, 51, 39, 52, 77]
22.967[154, 748, 501, 100, 44, 35, 52, 102]
22.978[132, 685, 533, 107, 44, 32, 46, 101]
23.001[120, 630, 548, 99, 41, 33, 49, 101]
23.024[118, 632, 700, 126, 44, 30, 44, 105]
23.039[131, 722, 732, 123, 39, 31, 46, 100]
23.069[123, 702, 687, 123, 39, 29, 45, 87]
23.084[124, 706, 680, 112, 36, 28, 44, 83]
23.099[143, 706, 668, 126, 40, 29, 42, 77]
23.121[153, 703, 621, 114, 37, 31, 45, 85]
23.144[131, 680, 589, 121, 42, 38, 47, 108]
23.159[125, 727, 614, 117, 45, 42, 51, 101]
23.181[128, 713, 567, 121, 47, 43, 50, 100]
23.204[102, 723, 548, 108, 44, 43, 53, 109]
23.219[101, 748, 401, 99, 43, 41, 51, 119]
23.241[107, 696, 379, 97, 37, 34, 43, 98]
23.265[119, 657, 371, 104, 36, 31, 37, 94]
23.279[117, 662, 437, 104, 33, 30, 38, 101]
23.301[128, 649, 467, 124, 40, 30, 33, 96]
23.324[118, 587, 494, 127, 40, 34, 32, 67]
23.339[114, 577, 507, 122, 43, 30, 33, 80]
23.362[117, 561, 541, 116, 42, 31, 35, 81]
23.385[113, 570, 568, 120, 46, 32, 41, 81]
23.399[109, 615, 632, 112, 42, 32, 42, 79]
23.422[106, 703, 693, 108, 42, 29, 45, 107]
23.444[103, 698, 692, 109, 37, 32, 47, 98]
23.459[91, 707, 738, 133, 39, 31, 48, 104]
23.481[91, 708, 682, 129, 38, 31, 40, 100]
23.504[81, 640, 605, 114, 40, 31, 41, 99]
23.519[82, 587, 528, 132, 39, 29, 35, 69]
23.541[92, 633, 610, 138, 47, 32, 37, 64]
23.565[91, 686, 498, 118, 46, 29, 32, 74]
23.579[96, 712, 539, 126, 49, 28, 34, 73]
23.602[100, 774, 538, 134, 48, 27, 32, 85]
23.626[116, 726, 597, 114, 51, 29, 34, 84]
23.639[121, 697, 554, 119, 44, 25, 32, 99]
23.661[128, 611, 558, 125, 47, 28, 33, 96]
23.684[129, 547, 655, 116, 43, 32, 33, 104]
23.699[128, 490, 716, 118, 44, 32, 34, 97]
23.721[114, 566, 768, 118, 43, 31, 32, 97]
23.744[110, 583, 758, 101, 43, 30, 31, 84]
23.767[114, 579, 790, 109, 40, 30, 30, 67]
23.782[120, 562, 706, 109, 38, 26, 29, 63]
23.805[134, 632, 646, 106, 38, 26, 25, 63]
23.827[138, 570, 633, 116, 38, 26, 27, 75]
23.841[132, 563, 601, 126, 44, 29, 28, 74]
23.873[138, 600, 571, 118, 46, 29, 31, 76]
23.887[127, 619, 553, 128, 46, 29, 30, 69]
23.902[118, 573, 538, 132, 51, 33, 34, 76]
23.924[112, 554, 420, 127, 49, 34, 34, 64]
23.954[114, 574, 408, 114, 44, 33, 32, 63]
23.961[94, 631, 398, 112, 42, 33, 39, 60]
23.984[108, 666, 398, 100, 45, 32, 39, 55]
24.007[104, 666, 517, 93, 41, 29, 35, 47]
24.021[151, 721, 475, 82, 42, 29, 35, 72]
24.044[155, 760, 476, 101, 43, 28, 35, 86]
24.068[154, 730, 461, 99, 40, 25, 26, 91]
24.089[164, 751, 448, 104, 47, 34, 41, 93]
24.105[174, 817, 446, 143, 48, 34, 42, 92]
24.127[138, 791, 550, 151, 50, 34, 43, 72]
24.149[137, 754, 610, 156, 61, 38, 43, 53]
24.164[137, 690, 640, 169, 65, 44, 44, 45]
24.187[117, 678, 626, 180, 65, 40, 35, 41]
24.201[95, 561, 537, 156, 70, 42, 35, 35]
24.225[93, 503, 467, 169, 78, 43, 34, 33]
24.247[97, 489, 385, 157, 71, 41, 34, 30]
24.262[95, 494, 348, 182, 82, 44, 31, 30]
24.287[93, 407, 346, 182, 83, 42, 29, 29]
24.307[96, 369, 371, 180, 77, 42, 30, 29]
24.321[90, 365, 322, 187, 71, 40, 27, 29]
24.344[66, 324, 328, 191, 72, 40, 27, 27]
24.367[70, 383, 351, 158, 62, 33, 28, 28]
24.381[62, 349, 350, 191, 73, 34, 28, 26]
24.405[52, 348, 301, 220, 82, 34, 27, 29]
24.427[52, 350, 288, 202, 83, 38, 26, 27]
24.441[50, 294, 267, 213, 87, 36, 26, 28]
24.466[39, 140, 227, 253, 92, 38, 27, 25]
24.487[35, 121, 242, 247, 94, 39, 26, 26]
24.502[32, 107, 238, 224, 91, 40, 24, 23]
24.524[29, 82, 238, 233, 94, 37, 25, 22]
24.547[27, 77, 267, 240, 98, 37, 25, 24]
24.561[28, 71, 350, 215, 95, 36, 25, 24]
24.584[27, 75, 433, 221, 80, 35, 25, 24]
24.607[30, 79, 449, 227, 82, 34, 27, 24]
24.621[30, 79, 456, 226, 78, 35, 26, 24]
24.644[32, 77, 435, 223, 76, 39, 27, 24]
24.667[30, 74, 374, 228, 81, 40, 27, 22]
24.681[32, 70, 298, 292, 103, 46, 30, 24]
24.704[28, 70, 314, 313, 104, 47, 27, 24]
24.727[29, 74, 340, 314, 108, 48, 32, 27]
24.749[27, 75, 360, 306, 102, 60, 41, 25]
24.764[26, 72, 344, 327, 109, 70, 46, 28]
24.787[24, 64, 305, 261, 90, 69, 44, 26]
24.809[27, 66, 305, 245, 94, 69, 48, 28]
24.824[25, 61, 271, 237, 89, 68, 45, 26]
24.847[27, 59, 261, 238, 95, 57, 36, 29]
24.872[28, 61, 275, 212, 84, 41, 31, 26]
24.884[27, 59, 264, 188, 80, 56, 37, 28]
24.907[24, 44, 211, 164, 67, 63, 34, 26]
24.929[25, 44, 199, 165, 72, 66, 36, 27]
24.944[23, 53, 240, 175, 68, 66, 37, 25]
24.967[21, 57, 223, 163, 68, 67, 36, 25]
24.989[22, 63, 237, 157, 66, 52, 27, 24]
25.012[22, 65, 235, 160, 70, 41, 26, 22]
25.027[21, 62, 247, 155, 62, 51, 29, 20]
25.049[22, 54, 194, 133, 57, 50, 28, 22]
25.064[22, 50, 171, 111, 51, 53, 28, 23]
25.087[21, 50, 194, 126, 52, 52, 29, 24]
25.11[21, 53, 218, 126, 47, 51, 29, 24]
25.126[21, 52, 202, 132, 48, 37, 26, 26]
25.147[20, 55, 192, 146, 46, 36, 25, 24]
25.17[19, 59, 209, 139, 39, 29, 25, 23]
25.184[21, 60, 208, 129, 43, 28, 26, 23]
25.207[21, 56, 185, 134, 41, 28, 26, 21]
25.229[21, 54, 183, 129, 44, 27, 27, 24]
25.243[23, 52, 181, 110, 46, 29, 28, 25]
25.267[22, 45, 164, 116, 52, 30, 27, 25]
25.289[22, 37, 126, 119, 53, 30, 26, 24]
25.305[23, 43, 198, 106, 53, 30, 23, 25]
25.327[24, 44, 205, 109, 52, 27, 21, 21]
25.351[24, 43, 213, 127, 56, 28, 23, 21]
25.364[25, 40, 201, 124, 56, 31, 28, 22]
25.387[24, 45, 208, 129, 58, 32, 27, 22]
25.41[23, 43, 158, 130, 58, 34, 28, 22]
25.424[21, 42, 145, 125, 57, 34, 27, 22]
25.447[20, 43, 129, 111, 55, 32, 24, 22]
25.469[21, 42, 127, 102, 52, 31, 22, 25]
25.484[23, 32, 108, 110, 60, 32, 22, 23]
25.508[22, 32, 100, 109, 63, 33, 22, 23]
25.528[22, 42, 120, 112, 65, 33, 23, 24]
25.552[25, 50, 161, 108, 62, 32, 25, 24]
25.569[23, 53, 179, 120, 66, 30, 23, 23]
25.59[21, 53, 177, 102, 55, 28, 24, 24]
25.611[21, 57, 191, 98, 51, 25, 24, 24]
25.627[21, 56, 216, 103, 49, 27, 25, 22]
25.649[17, 49, 211, 110, 51, 28, 24, 21]
25.671[18, 49, 218, 94, 43, 26, 24, 20]
25.688[20, 55, 221, 120, 51, 29, 23, 20]
25.709[19, 47, 201, 124, 53, 29, 24, 20]
25.731[22, 44, 186, 116, 51, 29, 23, 21]
25.747[22, 54, 206, 106, 47, 27, 25, 21]
25.77[23, 52, 199, 103, 48, 29, 25, 23]
25.792[22, 45, 192, 67, 38, 26, 24, 22]
25.815[22, 45, 193, 60, 36, 29, 25, 23]
25.829[20, 43, 181, 65, 46, 29, 24, 22]
25.851[21, 37, 183, 68, 46, 30, 23, 24]
25.867[19, 40, 178, 70, 50, 33, 24, 22]
25.888[20, 41, 180, 78, 49, 33, 25, 22]
25.911[21, 41, 176, 76, 47, 31, 23, 23]
25.935[22, 44, 177, 72, 37, 32, 23, 23]
25.949[21, 46, 161, 99, 48, 32, 22, 21]
25.971[21, 47, 162, 109, 45, 26, 21, 22]
25.987[20, 48, 159, 102, 47, 26, 21, 22]
26.008[20, 47, 161, 106, 46, 28, 20, 21]
26.031[20, 43, 146, 108, 48, 26, 23, 21]
26.048[23, 33, 109, 95, 39, 26, 25, 22]
26.069[23, 31, 113, 90, 38, 27, 24, 22]
26.092[24, 41, 153, 98, 39, 27, 23, 24]
26.107[24, 45, 167, 92, 39, 25, 25, 23]
26.128[22, 49, 177, 89, 35, 23, 22, 24]
26.152[20, 51, 175, 76, 36, 24, 21, 24]
26.168[21, 49, 164, 69, 34, 26, 22, 23]
26.189[23, 42, 139, 59, 30, 26, 21, 24]
26.211[22, 37, 127, 61, 30, 26, 21, 22]
26.227[23, 34, 111, 61, 31, 26, 23, 22]
26.248[23, 31, 101, 61, 32, 27, 23, 21]
26.271[21, 33, 98, 58, 31, 25, 23, 22]
26.288[22, 35, 88, 56, 37, 25, 25, 18]
26.309[21, 35, 74, 58, 40, 28, 24, 20]
26.331[21, 34, 78, 57, 42, 30, 23, 21]
26.348[21, 35, 77, 57, 38, 29, 24, 21]
26.369[22, 32, 70, 54, 39, 27, 27, 22]
26.391[22, 29, 58, 65, 45, 27, 26, 23]
26.407[22, 32, 65, 69, 47, 26, 26, 24]
26.428[22, 35, 80, 73, 48, 25, 26, 22]
26.451[22, 33, 85, 69, 49, 25, 24, 21]
26.466[22, 33, 91, 83, 54, 26, 23, 21]
26.488[21, 32, 123, 80, 47, 28, 24, 21]
26.511[21, 35, 142, 74, 44, 26, 24, 23]
26.526[23, 34, 144, 76, 44, 26, 24, 22]
26.549[23, 40, 165, 80, 46, 26, 24, 23]
26.571[20, 40, 162, 71, 41, 25, 23, 25]
26.586[21, 40, 143, 66, 41, 23, 23, 22]
26.609[22, 33, 152, 70, 39, 23, 23, 20]
26.63[19, 38, 155, 67, 42, 23, 23, 22]
26.654[20, 36, 138, 63, 39, 24, 24, 21]
26.669[20, 36, 145, 66, 40, 27, 24, 20]
26.691[18, 39, 157, 73, 41, 26, 22, 22]
26.714[20, 45, 158, 69, 42, 26, 23, 21]
26.728[22, 45, 164, 69, 35, 24, 22, 18]
26.751[23, 46, 178, 75, 37, 24, 23, 18]
26.774[23, 47, 183, 81, 33, 22, 22, 18]
26.79[23, 45, 180, 75, 33, 24, 23, 17]
26.812[20, 41, 162, 73, 32, 24, 22, 19]
26.834[20, 38, 205, 76, 39, 25, 22, 21]
26.848[20, 39, 212, 81, 41, 26, 22, 21]
26.879[21, 38, 208, 74, 41, 25, 21, 23]
26.894[23, 39, 201, 71, 43, 24, 22, 23]
26.908[24, 39, 205, 77, 42, 28, 21, 21]
26.931[25, 37, 148, 72, 38, 28, 22, 20]
26.954[22, 37, 166, 64, 33, 26, 20, 20]
26.97[22, 46, 200, 63, 35, 29, 21, 17]
26.992[22, 50, 213, 63, 31, 28, 19, 17]
27.013[21, 49, 205, 67, 36, 26, 23, 18]
27.028[19, 49, 205, 78, 34, 24, 20, 15]
27.051[20, 46, 167, 75, 36, 27, 23, 19]
27.074[20, 37, 146, 74, 37, 25, 24, 20]
27.089[17, 32, 131, 76, 37, 26, 24, 20]
27.111[18, 33, 126, 74, 34, 24, 22, 19]
27.133[18, 32, 129, 66, 35, 26, 24, 20]
27.156[20, 31, 144, 65, 36, 22, 25, 17]
27.171[22, 31, 136, 77, 31, 22, 24, 17]
27.203[23, 31, 144, 78, 32, 22, 26, 18]
27.208[22, 31, 151, 74, 32, 24, 25, 20]
27.231[23, 33, 150, 71, 33, 25, 25, 20]
27.253[22, 38, 171, 75, 32, 26, 24, 21]
27.27[21, 36, 160, 63, 32, 27, 24, 22]
27.291[20, 35, 150, 68, 37, 27, 23, 23]
27.313[21, 33, 148, 73, 38, 27, 22, 23]
27.329[22, 29, 142, 75, 38, 26, 21, 23]
27.351[22, 25, 120, 76, 40, 25, 20, 24]
27.373[21, 28, 132, 77, 40, 25, 21, 24]
27.388[23, 25, 133, 73, 36, 25, 21, 24]
27.411[23, 26, 131, 70, 37, 26, 22, 23]
27.434[24, 28, 130, 66, 34, 25, 21, 25]
27.449[23, 26, 104, 56, 31, 24, 21, 24]
27.471[22, 25, 77, 56, 32, 24, 20, 24]
27.494[22, 30, 85, 85, 40, 26, 19, 26]
27.516[22, 35, 173, 90, 38, 25, 22, 25]
27.531[19, 36, 183, 94, 38, 25, 22, 24]
27.554[20, 35, 185, 95, 38, 26, 23, 25]
27.576[21, 35, 187, 94, 38, 26, 23, 23]
27.591[20, 35, 185, 68, 36, 21, 24, 21]
27.613[19, 35, 131, 58, 37, 23, 22, 21]
27.637[20, 33, 116, 63, 45, 26, 23, 21]
27.651[18, 35, 125, 63, 45, 25, 22, 20]
27.674[19, 34, 132, 70, 46, 26, 25, 19]
27.696[24, 33, 131, 66, 42, 26, 24, 20]
27.711[24, 28, 110, 67, 41, 24, 23, 19]
27.734[25, 29, 132, 67, 35, 22, 24, 20]
27.756[26, 29, 126, 65, 34, 25, 25, 20]
27.771[25, 35, 151, 54, 36, 24, 24, 20]
27.794[23, 36, 156, 69, 41, 26, 25, 19]
27.816[22, 36, 153, 70, 40, 26, 27, 19]
27.831[21, 35, 140, 66, 38, 26, 26, 20]
27.855[24, 35, 135, 65, 38, 22, 25, 21]
27.876[25, 30, 99, 68, 36, 26, 24, 22]
27.891[23, 30, 84, 70, 33, 27, 25, 21]
27.913[23, 34, 120, 69, 31, 26, 23, 23]
27.936[22, 35, 122, 72, 33, 26, 22, 22]
27.951[19, 35, 123, 77, 39, 28, 21, 21]
27.974[19, 38, 124, 77, 37, 24, 23, 21]
27.996[19, 38, 125, 68, 35, 23, 21, 21]
28.012[20, 35, 88, 69, 36, 24, 21, 21]
28.034[20, 34, 78, 66, 37, 25, 22, 22]
28.056[20, 41, 156, 80, 34, 24, 22, 22]
28.072[20, 36, 155, 81, 34, 23, 20, 21]
28.093[21, 37, 157, 78, 36, 23, 20, 21]
28.116[19, 36, 157, 73, 36, 27, 21, 23]
28.133[20, 36, 160, 79, 33, 25, 20, 24]
28.154[21, 26, 86, 68, 32, 25, 20, 25]
28.176[23, 28, 80, 72, 36, 27, 20, 25]
28.191[21, 24, 73, 71, 32, 28, 20, 27]
28.214[21, 24, 72, 71, 32, 24, 19, 24]
28.237[22, 27, 78, 63, 32, 26, 18, 23]
28.251[23, 29, 74, 55, 33, 26, 20, 23]
28.274[21, 26, 67, 47, 28, 25, 19, 21]
28.297[22, 27, 74, 54, 31, 23, 19, 19]
28.312[23, 30, 92, 60, 33, 23, 19, 23]
28.333[23, 32, 79, 68, 34, 24, 20, 22]
28.358[23, 32, 86, 68, 33, 24, 20, 21]
28.371[23, 33, 86, 67, 33, 25, 19, 21]
28.402[24, 33, 81, 63, 32, 26, 20, 21]
28.417[23, 33, 60, 65, 32, 27, 21, 18]
28.431[22, 30, 63, 59, 33, 26, 22, 19]
28.454[22, 29, 59, 56, 32, 27, 22, 19]
28.477[22, 28, 63, 55, 32, 26, 24, 21]
28.501[22, 28, 62, 52, 34, 25, 24, 21]
28.513[22, 27, 66, 52, 32, 25, 24, 21]
28.538[21, 25, 62, 53, 32, 24, 23, 20]
28.559[19, 25, 81, 62, 34, 24, 23, 19]
28.573[22, 24, 77, 66, 35, 23, 21, 20]
28.597[21, 24, 80, 74, 35, 24, 21, 20]
28.62[20, 22, 75, 68, 36, 25, 23, 20]
28.634[20, 23, 82, 65, 34, 26, 22, 21]
28.657[22, 23, 60, 57, 33, 26, 22, 23]
28.68[18, 24, 59, 54, 29, 26, 22, 20]
28.694[19, 22, 55, 51, 26, 27, 22, 21]
28.718[20, 22, 57, 56, 25, 26, 18, 20]
28.74[21, 21, 49, 59, 27, 26, 20, 20]
28.753[20, 21, 52, 62, 26, 25, 19, 18]
28.777[21, 22, 53, 63, 30, 26, 19, 19]
28.799