[41, 77, 165, 106, 50, 26, 25, 27]
0.603[46, 85, 204, 108, 51, 28, 27, 27]
0.634[43, 76, 202, 99, 44, 28, 26, 28]
0.649[47, 70, 176, 96, 41, 29, 28, 28]
0.664[47, 66, 158, 86, 37, 27, 26, 27]
0.686[47, 70, 200, 75, 38, 29, 28, 30]
0.709[50, 65, 169, 82, 41, 31, 27, 33]
0.724[48, 63, 163, 82, 41, 30, 29, 31]
0.746[47, 63, 163, 80, 42, 30, 28, 32]
0.769[45, 67, 165, 77, 43, 30, 28, 33]
0.784[44, 58, 115, 83, 41, 31, 24, 31]
0.806[36, 51, 123, 74, 37, 27, 24, 28]
0.829[38, 54, 123, 65, 35, 28, 21, 28]
0.844[41, 50, 128, 64, 34, 27, 22, 29]
0.867[43, 47, 129, 70, 33, 28, 24, 27]
0.889[42, 52, 149, 66, 33, 25, 23, 25]
0.904[41, 53, 139, 68, 34, 24, 23, 23]
0.926[54, 58, 142, 70, 35, 23, 25, 25]
0.949[54, 61, 138, 69, 33, 23, 24, 23]
0.964[60, 63, 138, 48, 31, 24, 25, 25]
0.986[58, 56, 121, 67, 33, 24, 25, 24]
1.009[61, 60, 130, 68, 32, 24, 26, 28]
1.024[52, 56, 132, 70, 34, 27, 25, 27]
1.047[52, 54, 130, 72, 32, 27, 24, 28]
1.069[43, 48, 124, 75, 34, 27, 22, 27]
1.086[44, 60, 181, 58, 31, 28, 23, 27]
1.107[43, 67, 190, 66, 31, 30, 23, 26]
1.13[41, 64, 188, 78, 34, 28, 23, 24]
1.145[38, 69, 200, 82, 35, 30, 24, 24]
1.168[41, 73, 229, 86, 36, 28, 25, 23]
1.189[42, 72, 194, 85, 35, 25, 24, 25]
1.203[42, 64, 185, 86, 36, 26, 22, 24]
1.226[44, 66, 185, 81, 30, 25, 23, 25]
1.249[48, 62, 177, 75, 31, 24, 23, 27]
1.264[46, 58, 138, 70, 29, 23, 21, 26]
1.286[46, 57, 111, 72, 28, 23, 22, 27]
1.309[49, 54, 100, 65, 29, 21, 24, 28]
1.325[43, 52, 121, 56, 30, 21, 24, 27]
1.346[39, 50, 142, 66, 29, 26, 25, 24]
1.369[39, 51, 144, 92, 31, 28, 24, 25]
1.386[41, 48, 156, 98, 32, 29, 26, 23]
1.406[42, 67, 193, 97, 32, 28, 26, 24]
1.429[44, 73, 188, 100, 33, 28, 25, 23]
1.452[43, 74, 175, 99, 34, 24, 25, 23]
1.466[46, 75, 202, 84, 29, 20, 27, 24]
1.489[44, 70, 207, 77, 32, 21, 25, 24]
1.512[42, 58, 190, 79, 29, 22, 21, 24]
1.535[39, 57, 180, 79, 30, 23, 23, 24]
1.549[42, 57, 178, 74, 27, 23, 23, 25]
1.572[44, 57, 149, 71, 31, 24, 21, 27]
1.597[44, 61, 140, 69, 28, 23, 20, 26]
1.609[43, 64, 130, 65, 28, 25, 21, 27]
1.64[49, 65, 125, 66, 27, 24, 20, 29]
1.662[46, 62, 122, 64, 30, 23, 19, 28]
1.669[44, 62, 127, 59, 30, 24, 20, 27]
1.692[43, 70, 165, 59, 30, 24, 19, 26]
1.715[39, 81, 210, 92, 39, 22, 23, 24]
1.729[33, 82, 220, 93, 40, 23, 24, 24]
1.754[34, 83, 219, 101, 43, 24, 23, 25]
1.775[34, 87, 227, 103, 44, 26, 25, 24]
1.79[34, 78, 202, 103, 45, 27, 26, 26]
1.812[46, 61, 144, 79, 39, 27, 24, 28]
1.835[45, 56, 138, 81, 38, 26, 22, 26]
1.849[46, 54, 139, 86, 39, 28, 26, 27]
1.872[46, 48, 116, 107, 39, 25, 25, 26]
1.895[49, 52, 113, 108, 38, 27, 26, 27]
1.909[41, 55, 117, 107, 40, 24, 24, 25]
1.932[46, 51, 113, 107, 40, 24, 25, 26]
1.955[49, 53, 121, 99, 38, 23, 22, 26]
1.978[45, 55, 123, 81, 33, 23, 23, 26]
1.992[44, 54, 120, 87, 36, 20, 23, 25]
2.015[44, 58, 117, 88, 39, 20, 21, 25]
2.037[39, 57, 123, 82, 38, 21, 23, 26]
2.052[36, 60, 123, 81, 36, 22, 22, 25]
2.082[39, 58, 134, 110, 41, 23, 22, 25]
2.097[33, 54, 134, 110, 37, 24, 22, 23]
2.112[34, 54, 135, 108, 31, 26, 23, 23]
2.134[36, 61, 127, 113, 30, 25, 20, 21]
2.157[43, 68, 124, 115, 34, 27, 22, 23]
2.172[45, 81, 119, 81, 31, 29, 23, 25]
2.196[45, 82, 113, 70, 31, 28, 22, 25]
2.217[48, 77, 124, 76, 31, 27, 24, 26]
2.232[47, 72, 131, 72, 32, 28, 25, 28]
2.255[44, 69, 158, 70, 31, 26, 23, 27]
2.278[42, 54, 159, 69, 31, 22, 21, 26]
2.299[42, 53, 165, 71, 33, 23, 25, 27]
2.322[39, 52, 169, 76, 34, 24, 23, 25]
2.337[43, 61, 169, 85, 35, 25, 25, 26]
2.352[41, 60, 155, 84, 33, 27, 24, 25]
2.374[41, 63, 151, 87, 33, 27, 24, 26]
2.397[41, 63, 154, 121, 35, 26, 20, 28]
2.412[38, 62, 136, 125, 36, 26, 21, 27]
2.435[37, 54, 135, 128, 37, 32, 22, 25]
2.457[34, 47, 142, 144, 41, 31, 23, 25]
2.472[31, 49, 151, 143, 41, 33, 26, 24]
2.494[36, 53, 143, 117, 38, 33, 27, 23]
2.518[39, 60, 166, 109, 37, 34, 28, 25]
2.531[36, 62, 175, 105, 36, 29, 26, 26]
2.555[40, 74, 165, 83, 35, 29, 26, 25]
2.577[45, 72, 167, 87, 34, 27, 25, 25]
2.591[41, 68, 188, 91, 34, 26, 23, 25]
2.615[39, 65, 176, 96, 36, 24, 22, 23]
2.644[41, 70, 166, 97, 38, 22, 22, 24]
2.652[45, 72, 158, 98, 36, 20, 19, 23]
2.675[40, 71, 157, 96, 34, 23, 17, 24]
2.697[44, 75, 149, 89, 34, 22, 20, 25]
2.719[47, 73, 141, 83, 33, 24, 20, 25]
2.735[46, 68, 144, 73, 33, 24, 20, 25]
2.756[40, 62, 168, 68, 32, 24, 21, 24]
2.779[51, 63, 169, 79, 38, 22, 24, 29]
2.795[46, 61, 164, 110, 44, 23, 24, 28]
2.816[47, 69, 210, 113, 45, 24, 26, 31]
2.839[49, 66, 207, 115, 45, 25, 26, 31]
2.857[55, 65, 201, 119, 46, 26, 27, 32]
2.877[48, 65, 208, 113, 41, 25, 25, 27]
2.906[49, 62, 208, 112, 42, 26, 25, 27]
2.924[50, 57, 173, 110, 40, 23, 23, 23]
2.936[49, 58, 179, 122, 44, 23, 24, 23]
2.959[46, 58, 177, 118, 44, 20, 22, 22]
2.975[46, 63, 183, 117, 45, 23, 21, 24]
2.996[47, 63, 172, 100, 39, 23, 21, 24]
3.019[43, 57, 156, 104, 41, 24, 23, 24]
3.035[42, 57, 151, 88, 37, 24, 21, 25]
3.057[35, 53, 158, 90, 36, 25, 21, 26]
3.079[33, 46, 137, 90, 34, 26, 20, 23]
3.095[30, 50, 142, 88, 34, 26, 21, 22]
3.116[36, 63, 153, 78, 31, 24, 20, 24]
3.139[37, 64, 158, 80, 28, 23, 21, 21]
3.155[37, 60, 146, 85, 29, 26, 23, 22]
3.176[38, 67, 154, 89, 30, 25, 23, 24]
3.199[41, 66, 147, 77, 30, 24, 22, 23]
3.215[36, 55, 190, 79, 32, 30, 22, 22]
3.236[42, 58, 189, 73, 31, 31, 21, 23]
3.259[43, 59, 185, 79, 31, 28, 21, 24]
3.275[41, 50, 175, 76, 31, 27, 21, 24]
3.297[43, 51, 189, 85, 31, 29, 21, 27]
3.319[46, 56, 139, 81, 30, 23, 21, 28]
3.336[41, 50, 127, 87, 32, 21, 23, 27]
3.356[41, 52, 117, 73, 31, 25, 22, 26]
3.379[44, 53, 171, 82, 30, 24, 23, 26]
3.395[40, 53, 168, 79, 29, 22, 23, 24]
3.416[38, 51, 163, 80, 28, 23, 24, 21]
3.439[39, 53, 166, 84, 28, 25, 24, 23]
3.455[38, 56, 207, 86, 26, 22, 24, 25]
3.476[40, 62, 201, 74, 27, 22, 24, 23]
3.499[39, 65, 215, 72, 27, 21, 27, 24]
3.514[40, 76, 234, 77, 30, 24, 25, 27]
3.537[40, 82, 247, 71, 33, 26, 26, 27]
3.559[45, 94, 260, 68, 35, 25, 25, 24]
3.574[39, 90, 240, 65, 36, 25, 25, 24]
3.596[41, 89, 236, 67, 39, 27, 23, 23]
3.619[47, 82, 236, 64, 36, 24, 24, 23]
3.634[45, 77, 231, 69, 35, 20, 24, 23]
3.657[44, 57, 194, 80, 35, 20, 25, 24]
3.679[48, 61, 187, 81, 33, 20, 23, 25]
3.694[49, 57, 163, 76, 31, 19, 22, 25]
3.716[49, 60, 202, 75, 31, 19, 20, 23]
3.74[50, 60, 195, 73, 33, 21, 22, 23]
3.754[51, 64, 184, 68, 34, 22, 21, 22]
3.776[47, 60, 189, 69, 36, 23, 22, 21]
3.799[51, 68, 216, 73, 37, 24, 21, 20]
3.814[46, 67, 188, 82, 38, 23, 22, 19]
3.836[48, 68, 185, 77, 34, 21, 20, 18]
3.859[46, 65, 178, 71, 33, 22, 21, 18]
3.881[49, 63, 169, 74, 31, 22, 20, 20]
3.896[42, 58, 201, 72, 30, 40, 22, 20]
3.919[42, 60, 193, 70, 34, 41, 23, 24]
3.942[45, 62, 207, 77, 37, 47, 24, 26]
3.956[47, 63, 212, 77, 37, 60, 26, 26]
3.979[47, 67, 210, 70, 38, 65, 29, 26]
4.001[49, 66, 160, 68, 39, 70, 34, 28]
4.016[52, 67, 161, 86, 43, 77, 38, 28]
4.039[49, 69, 187, 91, 64, 111, 55, 29]
4.061[66, 87, 192, 92, 82, 160, 72, 34]
4.076[83, 96, 195, 96, 95, 215, 89, 38]
4.099[83, 95, 185, 102, 107, 235, 143, 39]
4.121[92, 103, 167, 85, 124, 293, 157, 48]
4.138[109, 109, 113, 73, 126, 299, 189, 58]
4.159[112, 104, 101, 71, 119, 292, 227, 61]
4.182[122, 109, 97, 67, 121, 272, 295, 65]
4.197[132, 120, 104, 72, 193, 416, 338, 102]
4.219[136, 118, 95, 75, 196, 400, 357, 116]
4.241[134, 114, 96, 76, 201, 427, 374, 126]
4.256[134, 118, 92, 80, 208, 421, 368, 247]
4.279[145, 128, 87, 79, 209, 451, 345, 292]
4.31[154, 134, 89, 72, 153, 337, 296, 340]
4.316[170, 149, 88, 68, 143, 318, 278, 440]
4.34[170, 147, 89, 68, 134, 283, 280, 476]
4.361[165, 143, 86, 65, 144, 344, 272, 436]
4.377[153, 137, 108, 66, 161, 340, 245, 468]
4.399[149, 128, 105, 64, 156, 337, 269, 489]
4.421[134, 114, 102, 64, 163, 372, 287, 440]
4.438[131, 116, 99, 64, 165, 373, 259, 414]
4.459[131, 111, 99, 62, 155, 340, 261, 415]
4.481[119, 93, 73, 64, 133, 298, 270, 373]
4.497[132, 118, 65, 65, 137, 290, 244, 340]
4.519[138, 123, 64, 58, 133, 274, 260, 347]
4.541[145, 134, 66, 52, 126, 261, 277, 335]
4.558[141, 132, 63, 49, 124, 243, 269, 348]
4.579[152, 155, 72, 53, 132, 264, 285, 354]
4.602[149, 164, 71, 53, 152, 348, 317, 425]
4.616[156, 164, 66, 53, 153, 350, 317, 418]
4.639[151, 157, 64, 54, 153, 358, 295, 424]
4.662[164, 175, 65, 54, 152, 363, 306, 436]
4.676[174, 166, 59, 50, 145, 345, 278, 468]
4.699[162, 140, 57, 45, 116, 277, 273, 369]
4.721[165, 155, 60, 47, 103, 243, 252, 373]
4.738[167, 157, 60, 48, 109, 253, 279, 376]
4.759[160, 138, 58, 47, 111, 290, 303, 352]
4.782[141, 133, 56, 41, 113, 298, 321, 316]
4.804[143, 131, 55, 41, 110, 282, 294, 373]
4.819[128, 112, 53, 38, 105, 280, 297, 369]
4.85[127, 118, 53, 36, 102, 260, 278, 376]
4.864[135, 131, 54, 40, 92, 197, 240, 369]
4.879[136, 129, 54, 43, 86, 190, 223, 376]
4.901[133, 124, 54, 41, 80, 180, 228, 405]
4.924[119, 112, 52, 42, 82, 184, 213, 398]
4.939[117, 102, 55, 41, 79, 189, 223, 458]
4.963[114, 88, 52, 40, 80, 206, 221, 476]
4.984[122, 96, 50, 38, 78, 223, 206, 500]
4.999[118, 95, 46, 38, 75, 207, 186, 473]
5.021[121, 99, 50, 36, 79, 202, 167, 479]
5.044[116, 98, 46, 37, 70, 211, 145, 412]
5.059[108, 91, 46, 35, 65, 184, 173, 428]
5.081[90, 78, 51, 36, 73, 180, 179, 407]
5.104[94, 87, 54, 37, 79, 191, 181, 403]
5.119[92, 87, 54, 36, 75, 207, 180, 438]
5.142[91, 83, 55, 37, 84, 215, 192, 437]
5.164[92, 102, 59, 38, 86, 226, 158, 436]
5.18[102, 116, 63, 39, 75, 208, 167, 434]
5.201[96, 116, 62, 42, 85, 211, 181, 420]
5.224[106, 119, 67, 44, 84, 200, 185, 365]
5.239[107, 119, 63, 41, 80, 183, 202, 378]
5.261[109, 109, 62, 43, 88, 197, 204, 346]
5.284[118, 116, 59, 43, 90, 194, 199, 351]
5.299[132, 117, 58, 46, 84, 202, 194, 353]
5.321[135, 125, 55, 45, 87, 233, 203, 361]
5.344[155, 135, 54, 49, 86, 243, 196, 378]
5.36[160, 139, 56, 51, 82, 245, 205, 389]
5.381[152, 126, 56, 50, 84, 256, 200, 408]
5.405[152, 141, 66, 45, 77, 248, 202, 404]
5.419[146, 137, 64, 44, 83, 231, 197, 399]
5.441[125, 131, 68, 44, 88, 228, 160, 397]
5.464[110, 127, 63, 38, 83, 210, 165, 388]
5.479[107, 130, 61, 38, 83, 201, 168, 323]
5.502[92, 108, 52, 37, 80, 189, 161, 305]
5.524[90, 99, 51, 36, 68, 160, 153, 330]
5.539[106, 104, 49, 34, 66, 160, 164, 418]
5.562[105, 101, 51, 36, 65, 154, 147, 417]
5.584[113, 95, 51, 36, 64, 148, 163, 457]
5.599[113, 93, 51, 38, 75, 162, 174, 462]
5.63[119, 107, 61, 45, 79, 170, 180, 463]
5.644[112, 110, 65, 48, 80, 165, 186, 377]
5.659[112, 110, 70, 47, 82, 178, 196, 408]
5.681[100, 106, 68, 46, 79, 172, 176, 379]
5.704[104, 114, 67, 46, 74, 162, 164, 380]
5.719[95, 100, 57, 37, 74, 156, 163, 372]
5.741[97, 96, 53, 37, 74, 153, 199, 407]
5.764[103, 105, 46, 37, 75, 148, 201, 371]
5.787[112, 116, 54, 47, 84, 166, 215, 383]
5.802[119, 119, 56, 48, 92, 203, 237, 404]
5.825[123, 117, 58, 53, 95, 206, 245, 438]
5.848[114, 107, 60, 51, 88, 199, 206, 438]
5.861[109, 99, 63, 52, 86, 189, 215, 451]
5.884[136, 97, 60, 43, 75, 170, 208, 454]
5.907[136, 89, 63, 40, 62, 130, 180, 442]
5.921[134, 93, 61, 34, 76, 145, 161, 388]
5.944[167, 124, 60, 42, 75, 155, 187, 322]
5.967[171, 125, 56, 41, 77, 179, 160, 329]
5.981[149, 118, 54, 44, 80, 187, 172, 294]
6.004[142, 118, 50, 45, 83, 186, 177, 282]
6.028[138, 119, 56, 47, 68, 172, 185, 284]
6.041[104, 91, 49, 38, 69, 154, 185, 338]
6.065[100, 87, 52, 40, 73, 149, 184, 307]
6.087[122, 114, 55, 41, 76, 147, 161, 320]
6.101[122, 114, 57, 39, 69, 144, 187, 326]
6.124[134, 122, 57, 40, 67, 146, 182, 396]
6.147[131, 131, 60, 41, 71, 157, 164, 411]
6.161[140, 134, 58, 41, 63, 138, 194, 466]
6.184[118, 112, 65, 41, 68, 140, 191, 473]
6.207[123, 120, 66, 47, 73, 145, 172, 482]
6.221[121, 118, 64, 45, 78, 164, 193, 418]
6.244[127, 119, 66, 47, 77, 164, 183, 382]
6.268[119, 119, 69, 47, 79, 163, 173, 339]
6.281[123, 129, 63, 45, 73, 162, 186, 352]
6.304[119, 126, 63, 42, 71, 168, 194, 331]
6.327[119, 123, 69, 44, 64, 168, 185, 360]
6.341[116, 115, 69, 42, 59, 173, 225, 359]
6.364[126, 122, 68, 40, 57, 181, 209, 406]
6.387[124, 117, 66, 37, 60, 187, 205, 375]
6.403[131, 112, 61, 34, 60, 197, 202, 362]
6.424[129, 109, 53, 31, 68, 186, 191, 331]
6.448[132, 108, 48, 36, 87, 198, 155, 351]
6.461[130, 98, 44, 37, 94, 200, 169, 305]
6.485[127, 92, 49, 40, 97, 193, 172, 297]
6.507[126, 96, 52, 47, 105, 186, 163, 320]
6.529[138, 110, 53, 49, 104, 201, 173, 377]
6.544[138, 110, 56, 45, 93, 181, 155, 373]
6.567[138, 113, 58, 45, 89, 188, 146, 390]
6.582[140, 107, 51, 41, 89, 189, 147, 411]
6.604[147, 112, 50, 34, 78, 174, 138, 429]
6.627[138, 101, 50, 32, 73, 148, 125, 433]
6.641[151, 105, 49, 34, 71, 163, 137, 407]
6.665[147, 105, 45, 33, 77, 175, 130, 359]
6.688[153, 117, 48, 37, 71, 172, 145, 401]
6.71[142, 107, 48, 35, 73, 171, 169, 390]
6.724[139, 101, 45, 35, 83, 187, 172, 353]
6.747[134, 101, 43, 36, 84, 176, 165, 367]
6.769[131, 98, 50, 37, 76, 154, 171, 419]
6.784[127, 100, 50, 36, 80, 171, 172, 379]
6.807[137, 113, 51, 37, 77, 188, 158, 394]
6.832[134, 113, 51, 41, 77, 189, 183, 398]
6.845[115, 112, 53, 43, 80, 187, 189, 408]
6.868[109, 110, 46, 43, 82, 189, 185, 355]
6.897[109, 111, 48, 49, 120, 252, 186, 350]
6.905[102, 98, 45, 49, 126, 261, 181, 305]
6.927[98, 99, 46, 47, 121, 251, 150, 271]
6.949[101, 97, 45, 46, 121, 248, 170, 272]
6.964[105, 100, 47, 44, 118, 251, 174, 301]
6.987[97, 92, 45, 40, 81, 181, 152, 282]
7.009[110, 107, 51, 41, 74, 161, 174, 395]
7.024[116, 107, 52, 40, 80, 165, 179, 407]
7.049[130, 109, 53, 35, 77, 171, 153, 395]
7.07[132, 109, 56, 38, 87, 164, 162, 387]
7.085[141, 111, 57, 39, 82, 165, 176, 465]
7.107[122, 102, 53, 41, 85, 154, 151, 402]
7.131[116, 105, 53, 40, 79, 142, 143, 388]
7.144[98, 101, 51, 42, 85, 156, 178, 390]
7.167[111, 124, 58, 42, 81, 157, 167, 427]
7.189[115, 127, 60, 37, 87, 172, 180, 397]
7.203[125, 131, 64, 36, 96, 187, 210, 383]
7.227[124, 128, 62, 41, 109, 195, 212, 390]
7.249[133, 130, 61, 41, 103, 192, 192, 397]
7.264[124, 121, 56, 44, 112, 203, 222, 384]
7.288[111, 114, 54, 45, 118, 203, 201, 366]
7.31[113, 116, 51, 45, 110, 185, 171, 369]
7.325[118, 130, 55, 41, 97, 181, 204, 383]
7.347[108, 130, 58, 42, 98, 166, 204, 383]
7.369[103, 114, 55, 38, 98, 158, 193, 380]
7.384[102, 115, 53, 37, 86, 150, 204, 346]
7.407[90, 100, 50, 35, 89, 158, 207, 350]
7.43[100, 87, 51, 39, 90, 170, 181, 405]
7.444[101, 79, 49, 40, 96, 170, 180, 402]
7.467[109, 95, 50, 40, 87, 164, 159, 380]
7.489[109, 92, 49, 39, 86, 153, 157, 394]
7.505[113, 97, 52, 39, 83, 160, 152, 389]
7.527[108, 90, 52, 37, 89, 163, 160, 327]
7.549[106, 90, 52, 36, 96, 190, 150, 332]
7.563[100, 81, 53, 36, 90, 189, 139, 316]
7.587[102, 77, 52, 38, 88, 185, 150, 301]
7.609[102, 75, 57, 38, 92, 198, 156, 288]
7.632[101, 82, 54, 37, 87, 199, 141, 261]
7.647[100, 88, 52, 37, 69, 170, 174, 261]
7.668[100, 86, 55, 39, 78, 175, 179, 291]
7.693[109, 99, 56, 41, 82, 177, 167, 308]
7.708[104, 99, 48, 41, 80, 166, 170, 292]
7.729[102, 104, 57, 43, 93, 161, 192, 310]
7.751[108, 100, 58, 42, 94, 183, 168, 298]
7.768[116, 103, 55, 41, 95, 181, 167, 283]
7.788[108, 95, 54, 38, 98, 186, 171, 242]
7.811[107, 94, 56, 38, 97, 185, 177, 241]
7.835[112, 91, 52, 35, 85, 193, 153, 230]
7.849[112, 86, 49, 39, 94, 184, 148, 199]
7.871[107, 88, 47, 38, 89, 173, 156, 169]
7.887[106, 89, 46, 41, 84, 163, 135, 172]
7.916[102, 90, 44, 44, 98, 199, 119, 167]
7.931[91, 88, 44, 51, 101, 199, 114, 124]
7.948[79, 87, 48, 70, 100, 203, 111, 113]
7.969[64, 77, 49, 76, 98, 211, 84, 102]
7.993[59, 69, 49, 80, 94, 211, 83, 77]
8.007[61, 69, 86, 178, 90, 163, 67, 73]
8.028[74, 72, 119, 268, 112, 135, 56, 58]
8.051[73, 74, 124, 278, 125, 125, 53, 45]
8.068[75, 74, 130, 288, 130, 119, 64, 44]
8.089[75, 75, 153, 331, 141, 118, 66, 44]
8.111[73, 70, 170, 352, 149, 117, 66, 38]
8.129[61, 60, 169, 325, 141, 116, 63, 36]
8.148[70, 69, 170, 317, 132, 104, 59, 35]
8.172[65, 63, 171, 326, 130, 89, 46, 33]
8.187[61, 59, 186, 308, 131, 80, 42, 30]
8.208[64, 66, 186, 251, 118, 78, 39, 30]
8.231[59, 69, 203, 246, 116, 73, 38, 29]
8.247[51, 72, 218, 247, 107, 53, 34, 26]
8.269[56, 77, 244, 259, 106, 55, 40, 30]
8.292[71, 95, 323, 301, 111, 56, 37, 32]
8.308[76, 94, 324, 309, 112, 56, 37, 33]
8.329[77, 93, 331, 294, 101, 56, 37, 31]
8.351[75, 90, 361, 306, 105, 55, 35, 29]
8.368[78, 110, 403, 303, 109, 50, 26, 28]
8.389[72, 102, 345, 247, 93, 48, 26, 29]
8.412[62, 101, 406, 249, 92, 41, 25, 30]
8.428[59, 111, 407, 276, 94, 43, 27, 31]
8.449[57, 122, 383, 330, 110, 48, 30, 32]
8.473[55, 105, 340, 319, 104, 49, 31, 33]
8.488[46, 102, 329, 315, 102, 47, 31, 29]
8.509[45, 103, 296, 339, 96, 45, 31, 29]
8.533[45, 90, 301, 323, 91, 42, 30, 33]
8.548[55, 82, 293, 260, 64, 34, 28, 34]
8.577[53, 79, 285, 253, 60, 30, 25, 31]
8.591[53, 88, 306, 245, 53, 30, 25, 32]
8.615[58, 97, 260, 271, 80, 37, 25, 31]
8.629[57, 92, 217, 271, 83, 37, 24, 28]
8.651[48, 80, 210, 269, 81, 35, 24, 25]
8.674[44, 82, 198, 291, 96, 39, 26, 24]
8.689[41, 91, 211, 294, 97, 40, 25, 25]
8.711[35, 86, 219, 238, 72, 35, 24, 23]
8.734[46, 99, 273, 210, 67, 35, 23, 24]
8.75[45, 102, 273, 207, 67, 36, 24, 26]
8.772[44, 102, 290, 202, 53, 30, 23, 26]
8.794[45, 85, 258, 207, 54, 28, 22, 27]
8.808[49, 91, 269, 186, 55, 27, 23, 29]
8.839[38, 97, 243, 187, 69, 31, 26, 28]
8.854[42, 96, 275, 197, 68, 29, 25, 26]
8.869[47, 97, 259, 161, 61, 30, 25, 25]
8.891[45, 97, 250, 143, 58, 30, 27, 23]
8.914[42, 84, 218, 145, 62, 32, 26, 21]
8.929[47, 92, 250, 165, 56, 28, 23, 22]
8.951[47, 91, 235, 153, 59, 29, 23, 22]
8.974[44, 92, 243, 149, 59, 30, 23, 24]
8.99[45, 91, 244, 148, 61, 31, 22, 23]
9.011[47, 91, 238, 136, 55, 30, 23, 25]
9.034[44, 62, 171, 99, 43, 27, 23, 23]
9.048[45, 64, 169, 88, 40, 27, 24, 24]
9.071[43, 62, 155, 88, 41, 25, 24, 22]
9.094[47, 63, 155, 84, 40, 25, 24, 23]
9.109[45, 67, 196, 81, 37, 23, 24, 21]
9.131[46, 66, 203, 83, 37, 24, 24, 23]
9.154[42, 59, 183, 76, 35, 24, 23, 23]
9.17[44, 64, 216, 73, 30, 24, 22, 24]
9.191[40, 66, 232, 72, 29, 25, 21, 23]
9.214[39, 62, 198, 82, 30, 25, 22, 23]
9.228[43, 64, 194, 84, 33, 27, 21, 23]
9.251[43, 76, 247, 86, 33, 27, 22, 25]
9.274[40, 73, 227, 103, 38, 26, 23, 24]
9.288[42, 70, 210, 107, 40, 28, 23, 26]
9.311[44, 70, 209, 98, 39, 26, 22, 26]
9.334[37, 70, 202, 91, 35, 25, 22, 24]
9.348[37, 65, 177, 96, 36, 25, 20, 23]
9.371[38, 58, 154, 81, 29, 29, 21, 22]
9.395[37, 59, 171, 91, 30, 28, 21, 21]
9.409[38, 59, 172, 94, 31, 29, 22, 21]
9.432[34, 54, 179, 97, 35, 29, 22, 26]
9.454[40, 49, 150, 89, 35, 29, 22, 26]
9.468[43, 52, 166, 100, 43, 26, 24, 28]
9.491[41, 69, 208, 89, 42, 26, 24, 27]
9.514[40, 71, 213, 88, 42, 27, 22, 27]
9.536[41, 71, 207, 86, 40, 26, 22, 25]
9.551[42, 72, 215, 98, 40, 27, 23, 26]
9.574[43, 72, 206, 163, 71, 33, 22, 24]
9.597[45, 59, 166, 170, 73, 33, 23, 25]
9.611[43, 57, 162, 170, 73, 34, 24, 25]
9.634[44, 57, 161, 172, 76, 34, 23, 24]
9.656[41, 56, 132, 170, 77, 34, 23, 21]
9.671[35, 58, 131, 106, 45, 27, 21, 23]
9.694[39, 70, 141, 114, 59, 27, 20, 25]
9.716[39, 92, 188, 113, 61, 27, 21, 25]
9.731[42, 93, 191, 110, 58, 28, 24, 26]
9.754[43, 98, 192, 100, 56, 27, 23, 26]
9.776[44, 95, 186, 85, 56, 27, 23, 24]
9.791[68, 104, 236, 92, 45, 29, 25, 30]
9.814[67, 93, 224, 90, 41, 27, 23, 30]
9.836[68, 96, 226, 131, 55, 30, 21, 29]
9.852[66, 93, 250, 144, 56, 33, 22, 31]
9.873[72, 96, 260, 148, 55, 32, 21, 31]
9.896[49, 75, 202, 127, 49, 28, 19, 24]
9.911[51, 68, 190, 127, 48, 30, 19, 25]
9.934[50, 68, 211, 84, 32, 26, 19, 26]
9.956[52, 67, 184, 64, 27, 22, 20, 26]
9.971[45, 65, 192, 66, 30, 25, 20, 26]
9.995[43, 69, 192, 67, 30, 26, 21, 24]
10.016[46, 65, 174, 67, 31, 23, 21, 24]
10.031[44, 63, 178, 76, 31, 25, 23, 22]
10.054[44, 63, 205, 110, 33, 25, 22, 20]
10.076[40, 59, 197, 116, 34, 23, 21, 20]
10.091[40, 52, 200, 119, 33, 22, 19, 21]
10.114[35, 55, 222, 121, 33, 22, 20, 22]
10.136[36, 49, 198, 116, 37, 22, 20, 22]
10.151[34, 52, 183, 102, 35, 22, 21, 25]
10.174[38, 57, 188, 117, 40, 24, 21, 24]
10.196[37, 59, 177, 117, 41, 24, 22, 23]
10.211[42, 57, 159, 123, 43, 28, 25, 26]
10.234[42, 56, 154, 122, 41, 26, 23, 26]
10.256[46, 62, 167, 126, 45, 27, 23, 27]
10.273[44, 65, 192, 102, 40, 26, 24, 27]
10.293[44, 69, 217, 103, 43, 27, 25, 27]
10.316[40, 69, 210, 96, 42, 25, 21, 23]
10.331[46, 73, 210, 111, 44, 26, 23, 24]
10.354[45, 68, 195, 153, 55, 28, 24, 19]
10.376[44, 61, 159, 158, 56, 26, 22, 19]
10.391[47, 63, 143, 159, 53, 25, 22, 22]
10.414[46, 73, 164, 161, 54, 28, 22, 23]
10.436[39, 69, 164, 174, 57, 28, 22, 21]
10.451[34, 64, 156, 133, 45, 27, 20, 22]
10.474[43, 70, 180, 128, 44, 27, 21, 25]
10.496[38, 66, 177, 121, 44, 28, 20, 23]
10.519[42, 62, 164, 142, 45, 26, 22, 23]
10.534[43, 69, 163, 116, 42, 25, 21, 26]
10.556[45, 70, 179, 122, 45, 24, 21, 26]
10.579[35, 62, 165, 126, 46, 25, 22, 23]
10.594[37, 63, 158, 141, 49, 26, 22, 24]
10.616[36, 70, 303, 134, 48, 25, 20, 23]
10.641[38, 69, 313, 135, 49, 28, 20, 21]
10.653[35, 70, 303, 126, 47, 26, 20, 22]
10.676[39, 72, 299, 120, 45, 27, 18, 23]
10.7[38, 73, 312, 123, 42, 27, 16, 21]
10.714[36, 59, 187, 120, 44, 27, 19, 23]
10.737[32, 58, 196, 120, 42, 24, 19, 23]
10.759[36, 56, 193, 110, 41, 25, 21, 22]
10.774[33, 55, 188, 111, 40, 23, 23, 21]
10.797[32, 57, 173, 115, 39, 21, 24, 22]
10.819[35, 59, 179, 98, 34, 22, 23, 23]
10.834[36, 55, 151, 104, 34, 24, 23, 24]
10.858[33, 53, 149, 105, 32, 23, 22, 25]
10.879[32, 53, 141, 103, 33, 23, 19, 23]
10.894[35, 49, 151, 81, 39, 26, 19, 23]
10.917[41, 48, 142, 86, 43, 24, 19, 23]
10.939[44, 51, 153, 89, 44, 25, 22, 22]
10.954[46, 55, 157, 85, 44, 27, 22, 21]
10.977[46, 55, 167, 89, 45, 27, 23, 23]
10.999[44, 51, 168, 86, 40, 24, 22, 23]
11.014[40, 51, 166, 83, 38, 25, 24, 24]
11.037[34, 46, 161, 71, 37, 22, 21, 21]
11.059[36, 46, 186, 85, 39, 22, 21, 22]
11.075[41, 47, 194, 84, 33, 21, 20, 23]
11.097[40, 46, 175, 85, 32, 22, 20, 24]
11.119[37, 49, 189, 88, 32, 22, 18, 23]
11.134[39, 50, 187, 92, 32, 25, 19, 24]
11.157[36, 47, 170, 88, 30, 24, 23, 24]
11.179[31, 45, 155, 88, 33, 26, 23, 24]
11.194[33, 51, 169, 90, 35, 28, 24, 23]
11.217[34, 45, 150, 95, 35, 28, 23, 21]
11.239[40, 57, 180, 90, 33, 26, 24, 21]
11.254[40, 58, 177, 88, 35, 28, 20, 20]
11.277[41, 59, 178, 84, 35, 29, 21, 20]
11.299[42, 54, 162, 98, 36, 29, 20, 20]
11.314[39, 53, 157, 96, 35, 27, 21, 19]
11.337[33, 77, 220, 102, 37, 28, 21, 21]
11.359[30, 81, 233, 166, 41, 26, 22, 22]
11.373[34, 82, 236, 188, 48, 26, 22, 23]
11.397[30, 84, 258, 224, 51, 23, 21, 22]
11.419[34, 84, 258, 225, 50, 23, 22, 22]
11.442[34, 53, 177, 224, 50, 23, 23, 22]
11.457[40, 54, 171, 187, 50, 23, 25, 23]
11.479[36, 56, 196, 171, 45, 23, 26, 24]
11.502[38, 59, 175, 109, 41, 24, 27, 26]
11.518[36, 62, 201, 102, 40, 25, 26, 27]
11.54[41, 61, 212, 115, 43, 25, 23, 26]
11.563[35, 59, 209, 165, 55, 29, 20, 25]
11.577[35, 59, 180, 166, 57, 32, 18, 22]
11.599[43, 61, 180, 166, 56, 32, 20, 22]
11.622[43, 60, 156, 166, 57, 32, 21, 23]
11.637[38, 64, 149, 187, 63, 33, 21, 23]
11.667[39, 62, 132, 146, 51, 31, 24, 25]
11.682[47, 56, 169, 149, 49, 28, 25, 25]
11.698[40, 55, 191, 150, 51, 29, 23, 24]
11.72[38, 58, 193, 154, 51, 27, 25, 22]
11.743[39, 54, 187, 122, 45, 25, 23, 26]
11.757[37, 52, 200, 121, 42, 26, 21, 23]
11.78[28, 57, 178, 113, 44, 24, 21, 25]
11.802[26, 53, 156, 110, 41, 21, 21, 26]
11.817[30, 49, 137, 103, 42, 22, 20, 26]
11.839[30, 53, 139, 91, 36, 21, 20, 23]
11.862[33, 57, 165, 103, 40, 18, 22, 24]
11.877[39, 59, 163, 101, 37, 22, 21, 24]
11.899[39, 63, 159, 155, 54, 25, 24, 23]
11.922[41, 62, 170, 158, 55, 26, 23, 23]
11.936[45, 64, 183, 165, 54, 29, 24, 23]
11.959[48, 60, 159, 150, 51, 31, 24, 26]
11.984[44, 58, 180, 169, 56, 28, 24, 25]
11.996[45, 55, 192, 123, 44, 29, 23, 27]
12.019[46, 59, 182, 132, 46, 30, 23, 26]
12.042[42, 50, 167, 129, 47, 30, 24, 26]
12.056[38, 49, 161, 126, 46, 28, 22, 23]
12.079[42, 43, 131, 95, 40, 27, 23, 24]
12.102[46, 41, 116, 103, 39, 26, 22, 25]
12.116[46, 53, 138, 88, 35, 25, 22, 25]
12.14[47, 59, 151, 83, 34, 23, 21, 26]
12.162[46, 61, 157, 78, 39, 23, 22, 25]
12.185[43, 63, 176, 86, 40, 25, 25, 26]
12.2[39, 62, 182, 138, 52, 28, 24, 23]
12.223[35, 48, 178, 144, 55, 28, 24, 21]
12.236[39, 48, 177, 144, 54, 28, 26, 21]
12.259[39, 51, 168, 148, 51, 29, 25, 21]
12.282[35, 51, 160, 152, 50, 27, 22, 20]
12.296[34, 51, 141, 108, 41, 23, 23, 21]
12.319[34, 60, 199, 100, 35, 21, 23, 21]
12.342[29, 62, 199, 103, 35, 20, 21, 19]
12.364[28, 58, 196, 100, 34, 18, 20, 21]
12.38[29, 55, 186, 102, 35, 21, 23, 20]
12.402[41, 57, 186, 91, 29, 23, 23, 21]
12.426[40, 51, 146, 105, 38, 24, 21, 21]
12.439[38, 46, 158, 121, 46, 26, 21, 23]
12.462[40, 49, 163, 125, 47, 26, 23, 23]
12.484[45, 50, 169, 122, 48, 25, 21, 26]
12.499[36, 50, 172, 123, 48, 29, 21, 26]
12.522[36, 50, 178, 109, 43, 28, 21, 25]
12.544[42, 66, 192, 88, 36, 29, 23, 25]
12.559[44, 67, 196, 94, 40, 28, 21, 25]
12.582[40, 65, 192, 89, 39, 36, 26, 22]
12.604[41, 66, 193, 105, 40, 40, 28, 22]
12.619[42, 66, 177, 111, 45, 49, 30, 23]
12.641[40, 56, 166, 113, 51, 84, 45, 24]
12.664[40, 51, 158, 107, 49, 93, 49, 24]
12.68[42, 53, 158, 106, 50, 92, 47, 25]
12.701[44, 53, 151, 90, 60, 103, 49, 25]
12.723[51, 59, 133, 82, 58, 112, 55, 26]
12.74[60, 62, 96, 74, 53, 95, 53, 28]
12.761[58, 70, 103, 85, 61, 102, 61, 29]
12.783[57, 70, 97, 80, 66, 119, 104, 30]
12.8[63, 70, 106, 75, 63, 129, 122, 36]
12.828[69, 75, 100, 72, 65, 127, 128, 36]
12.844[64, 78, 101, 72, 66, 128, 128, 33]
12.86[83, 85, 85, 59, 68, 137, 142, 66]
12.881[105, 111, 94, 60, 76, 142, 127, 88]
12.903[121, 127, 87, 64, 75, 143, 133, 162]
12.92[123, 126, 85, 65, 79, 177, 162, 245]
12.941[134, 128, 78, 62, 79, 190, 187, 281]
12.964[131, 126, 77, 59, 77, 190, 190, 294]
12.98[134, 123, 65, 53, 64, 179, 198, 342]
13.003[129, 119, 62, 49, 60, 175, 216, 345]
13.024[136, 124, 74, 44, 56, 139, 197, 331]
13.04[136, 124, 80, 44, 55, 122, 197, 339]
13.064[136, 127, 84, 41, 63, 126, 220, 371]
13.085[122, 116, 85, 42, 70, 128, 218, 380]
13.1[133, 122, 85, 43, 71, 116, 218, 403]
13.121[138, 118, 78, 48, 78, 144, 243, 432]
13.143[132, 117, 73, 50, 83, 158, 284, 431]
13.16[136, 118, 66, 51, 74, 152, 280, 437]
13.181[149, 123, 68, 52, 76, 192, 307, 416]
13.203[145, 134, 67, 52, 87, 207, 319, 390]
13.22[157, 161, 64, 52, 81, 206, 321, 364]
13.241[170, 167, 71, 53, 82, 207, 279, 351]
13.263[184, 182, 76, 55, 85, 216, 269, 333]
13.28[189, 188, 77, 57, 82, 186, 238, 317]
13.303[191, 186, 76, 54, 72, 182, 199, 330]
13.323[178, 170, 76, 49, 76, 166, 187, 355]
13.346[165, 170, 74, 53, 78, 193, 218, 400]
13.361[160, 156, 72, 51, 81, 182, 232, 470]
13.383[150, 163, 72, 50, 81, 187, 268, 486]
13.407[162, 166, 73, 51, 79, 179, 289, 481]
13.421[197, 208, 80, 51, 73, 185, 298, 477]
13.444[211, 220, 79, 44, 65, 154, 278, 455]
13.466[214, 228, 81, 46, 58, 153, 274, 380]
13.482[237, 248, 90, 48, 63, 152, 241, 415]
13.504[241, 251, 100, 53, 72, 161, 210, 426]
13.527[219, 228, 93, 57, 77, 156, 236, 410]
13.541[206, 215, 92, 57, 78, 161, 253, 414]
13.563[200, 223, 91, 57, 80, 163, 256, 400]
13.586[174, 196, 83, 55, 73, 171, 271, 361]
13.602[190, 214, 73, 50, 64, 163, 286, 374]
13.623[195, 216, 77, 50, 62, 165, 244, 427]
13.646[204, 221, 73, 48, 68, 165, 241, 463]
13.662[197, 206, 67, 46, 66, 160, 229, 498]
13.684[193, 202, 66, 46, 67, 146, 225, 502]
13.706[165, 178, 68, 46, 67, 139, 280, 501]
13.721[163, 175, 66, 45, 70, 164, 290, 494]
13.745[150, 163, 68, 49, 72, 166, 277, 454]
13.767[160, 170, 68, 51, 81, 192, 284, 485]
13.781[167, 175, 64, 49, 87, 205, 288, 490]
13.804[164, 178, 63, 47, 88, 215, 260, 495]
13.826[149, 158, 58, 46, 86, 203, 248, 488]
13.841[157, 167, 59, 44, 88, 212, 253, 505]
13.863[154, 179, 68, 43, 85, 186, 251, 448]
13.887[142, 167, 71, 49, 87, 175, 255, 497]
13.901[139, 161, 69, 49, 86, 179, 213, 479]
13.924[136, 160, 70, 51, 83, 186, 219, 459]
13.946[144, 160, 71, 52, 71, 156, 248, 465]
13.961[139, 136, 65, 51, 66, 162, 244, 481]
13.983[143, 142, 65, 46, 57, 151, 237, 472]
14.006[149, 140, 66, 46, 56, 144, 278, 470]
14.021[155, 142, 63, 44, 58, 114, 282, 483]
14.043[142, 132, 60, 41, 58, 123, 269, 454]
14.066[147, 138, 62, 46, 69, 139, 277, 478]
14.081[158, 153, 65, 45, 66, 154, 283, 435]
14.104[152, 146, 63, 45, 65, 169, 289, 446]
14.126[150, 176, 67, 42, 64, 179, 295, 429]
14.142[167, 182, 70, 49, 83, 183, 286, 491]
14.164[157, 175, 65, 43, 76, 184, 284, 435]
14.186[149, 161, 67, 42, 76, 176, 277, 450]
14.201[141, 152, 64, 42, 79, 151, 235, 449]
14.231[159, 137, 71, 43, 83, 162, 222, 475]
14.246[163, 143, 73, 36, 63, 167, 229, 462]
14.268[168, 150, 76, 35, 57, 151, 250, 507]
14.285[169, 149, 70, 39, 61, 165, 257, 490]
14.306[170, 156, 77, 43, 58, 167, 269, 486]
14.337[164, 146, 75, 51, 53, 145, 278, 472]
14.343[164, 157, 78, 52, 54, 132, 298, 449]
14.366[164, 153, 83, 55, 59, 150, 273, 437]
14.388[160, 160, 88, 53, 56, 134, 246, 453]
14.403[164, 160, 81, 49, 61, 149, 238, 442]
14.426[148, 155, 74, 40, 61, 154, 221, 431]
14.448[134, 152, 85, 42, 70, 166, 194, 422]
14.463[130, 150, 81, 40, 71, 152, 191, 413]
14.486[142, 146, 77, 40, 74, 176, 230, 440]
14.51[132, 145, 78, 39, 74, 184, 237, 497]
14.524[156, 151, 82, 39, 70, 182, 243, 534]
14.547[145, 130, 64, 33, 62, 174, 275, 546]
14.569[143, 133, 72, 37, 66, 189, 276, 532]
14.584[132, 133, 83, 39, 66, 173, 254, 528]
14.606[131, 128, 84, 44, 63, 158, 275, 513]
14.628[99, 129, 84, 43, 71, 181, 296, 460]
14.643[142, 161, 96, 55, 79, 186, 253, 461]
14.666[146, 160, 92, 55, 73, 159, 259, 476]
14.689[156, 162, 83, 54, 72, 158, 288, 435]
14.704[163, 169, 84, 53, 73, 175, 264, 455]
14.726[169, 165, 94, 58, 69, 162, 248, 455]
14.749[146, 140, 81, 47, 58, 147, 257, 515]
14.772[153, 140, 78, 44, 56, 153, 256, 554]
14.786[145, 136, 78, 46, 54, 146, 234, 567]
14.808[143, 136, 75, 45, 57, 139, 223, 525]
14.823[138, 127, 58, 37, 57, 135, 275, 557]
14.854[130, 112, 59, 38, 57, 136, 271, 480]
14.877[115, 106, 59, 39, 58, 136, 261, 455]
14.883[118, 100, 59, 37, 59, 150, 246, 427]
14.908[113, 97, 72, 41, 56, 129, 247, 423]
14.928[118, 108, 75, 44, 55, 117, 210, 390]
14.944[109, 112, 74, 44, 55, 116, 192, 374]
14.966[143, 121, 75, 48, 54, 118, 201, 328]
14.988[133, 127, 74, 49, 54, 106, 221, 355]
15.003[134, 127, 61, 46, 47, 105, 243, 391]
15.026[127, 117, 61, 46, 45, 105, 206, 404]
15.049[137, 122, 62, 44, 45, 106, 233, 458]
15.063[109, 114, 56, 39, 48, 101, 241, 474]
15.086[119, 109, 55, 40, 47, 96, 227, 456]
15.108[125, 110, 56, 42, 62, 111, 223, 445]
15.123[131, 120, 57, 41, 64, 108, 220, 450]
15.148[127, 121, 56, 43, 65, 113, 194, 402]
15.169[125, 124, 59, 43, 60, 110, 188, 397]
15.185[116, 130, 60, 41, 61, 114, 174, 461]
15.206[118, 129, 62, 44, 58, 125, 139, 439]
15.229[123, 137, 61, 43, 57, 129, 204, 421]
15.252[132, 147, 62, 45, 57, 129, 208, 433]
15.266[134, 144, 65, 48, 60, 133, 224, 452]
15.288[150, 146, 63, 48, 56, 125, 239, 434]
15.312[149, 143, 58, 41, 46, 106, 238, 452]
15.326[150, 138, 64, 45, 54, 103, 194, 451]
15.349[139, 123, 65, 44, 54, 96, 189, 463]
15.372[139, 130, 65, 45, 60, 91, 163, 422]
15.386[131, 127, 70, 46, 67, 102, 192, 458]
15.41[136, 134, 73, 47, 68, 95, 195, 461]
15.432[159, 146, 70, 46, 70, 97, 201, 513]
15.446[172, 151, 67, 46, 70, 94, 224, 493]
15.468[172, 145, 68, 44, 68, 98, 225, 519]
15.492[177, 143, 67, 42, 63, 93, 199, 473]
15.506[177, 138, 64, 42, 62, 90, 194, 433]
15.529[149, 115, 57, 41, 54, 95, 210, 333]
15.552[140, 106, 56, 40, 55, 104, 215, 379]
15.566[136, 103, 53, 39, 53, 103, 212, 398]
15.589[137, 110, 53, 39, 56, 132, 203, 358]
15.613[152, 128, 60, 41, 57, 139, 248, 472]
15.626[158, 130, 58, 43, 58, 143, 236, 500]
15.648[149, 129, 58, 42, 59, 139, 212, 472]
15.672[153, 136, 59, 46, 58, 142, 221, 460]
15.687[145, 139, 58, 50, 60, 132, 226, 462]
15.709[113, 118, 51, 47, 66, 135, 187, 362]
15.732[105, 114, 53, 44, 66, 133, 191, 335]
15.746[127, 146, 60, 46, 65, 131, 212, 309]
15.769[126, 141, 56, 40, 64, 124, 196, 299]
15.792[124, 127, 51, 34, 61, 104, 196, 343]
15.806[131, 131, 56, 34, 58, 113, 215, 348]
15.829[130, 132, 59, 34, 56, 127, 202, 362]
15.852[137, 124, 56, 40, 60, 130, 181, 390]
15.866[136, 124, 63, 42, 59, 129, 184, 366]
15.897[133, 131, 68, 42, 62, 150, 185, 373]
15.911[147, 140, 65, 44, 63, 151, 185, 400]
15.926[144, 138, 64, 45, 65, 134, 223, 469]
15.948[137, 120, 63, 41, 60, 135, 224, 467]
15.971[140, 123, 56, 42, 64, 151, 226, 476]
15.987[150, 123, 51, 41, 56, 128, 214, 459]
16.009[130, 103, 50, 39, 56, 111, 225, 445]
16.032[131, 105, 49, 37, 50, 101, 178, 347]
16.046[115, 102, 55, 38, 48, 95, 170, 313]
16.068[108, 99, 66, 59, 51, 75, 158, 276]
16.092[84, 86, 73, 96, 62, 119, 159, 220]
16.106[97, 109, 74, 105, 66, 122, 83, 136]
16.128[97, 105, 73, 110, 67, 124, 92, 124]
16.152[94, 100, 66, 111, 93, 151, 99, 103]
16.174[97, 104, 72, 132, 99, 156, 96, 93]
16.189[104, 114, 80, 137, 99, 127, 88, 81]
16.212[92, 93, 85, 197, 112, 120, 89, 79]
16.234[91, 95, 89, 222, 121, 119, 71, 63]
16.249[94, 99, 89, 227, 108, 105, 53, 43]
16.271[96, 102, 89, 237, 101, 89, 50, 43]
16.294[89, 94, 82, 240, 99, 84, 45, 40]
16.309[86, 92, 116, 223, 94, 82, 41, 38]
16.332[90, 100, 137, 213, 86, 81, 39, 37]
16.354[91, 94, 148, 214, 79, 47, 32, 38]
16.371[85, 85, 143, 191, 76, 46, 30, 35]
16.392[80, 80, 171, 264, 85, 44, 28, 33]
16.416[83, 79, 165, 293, 83, 52, 32, 33]
16.429[81, 78, 170, 340, 108, 52, 33, 36]
16.453[75, 90, 175, 351, 114, 48, 31, 33]
16.474[71, 87, 180, 359, 117, 48, 30, 30]
16.489[71, 86, 174, 334, 116, 50, 31, 29]
16.512[82, 94, 243, 344, 119, 42, 31, 32]
16.534[75, 85, 239, 323, 106, 40, 32, 31]
16.549[71, 71, 235, 320, 103, 38, 32, 32]
16.572[71, 82, 263, 338, 105, 52, 35, 32]
16.594[76, 97, 278, 386, 120, 58, 37, 36]
16.61[57, 93, 269, 418, 139, 62, 33, 33]
16.632[55, 96, 309, 400, 134, 61, 37, 33]
16.654[55, 118, 373, 416, 135, 62, 37, 32]
16.669[53, 110, 376, 430, 138, 52, 34, 32]
16.692[47, 106, 402, 372, 121, 42, 32, 28]
16.715[51, 122, 440, 312, 88, 38, 33, 28]
16.728[45, 123, 437, 324, 88, 36, 25, 23]
16.752[41, 105, 387, 302, 87, 38, 27, 24]
16.774[46, 109, 379, 284, 87, 36, 28, 24]
16.788[49, 109, 345, 318, 91, 38, 28, 26]
16.821[43, 85, 266, 299, 86, 36, 27, 23]
16.834[45, 78, 254, 289, 92, 39, 28, 24]
16.85[44, 74, 261, 328, 103, 42, 27, 23]
16.872[46, 70, 249, 300, 95, 42, 30, 25]
16.896[42, 65, 252, 264, 90, 40, 30, 25]
16.908[41, 81, 233, 268, 86, 39, 30, 26]
16.932[41, 84, 224, 268, 77, 39, 30, 27]
16.954[48, 89, 218, 220, 63, 34, 30, 28]
16.968[48, 88, 212, 231, 67, 36, 29, 28]
16.992[46, 88, 203, 224, 69, 36, 28, 27]
17.014[45, 84, 248, 199, 70, 37, 27, 25]
17.028[47, 85, 238, 179, 71, 35, 28, 29]
17.053[51, 82, 236, 158, 64, 34, 27, 32]
17.075[46, 82, 243, 177, 68, 35, 24, 30]
17.097[46, 78, 234, 156, 60, 32, 24, 29]
17.111[48, 67, 186, 200, 64, 32, 24, 29]
17.134[51, 70, 162, 206, 66, 32, 22, 24]
17.157[41, 64, 159, 219, 69, 31, 21, 21]
17.172[41, 67, 152, 190, 60, 26, 22, 22]
17.194[40, 65, 160, 192, 60, 29, 23, 22]
17.217[41, 69, 179, 145, 55, 28, 23, 21]
17.232[33, 67, 186, 133, 51, 25, 25, 20]
17.255[33, 66, 185, 123, 44, 25, 26, 21]
17.277[34, 60, 193, 115, 43, 26, 25, 21]
17.292[35, 60, 200, 122, 46, 26, 23, 22]
17.315[35, 54, 196, 135, 47, 26, 23, 25]
17.337[35, 60, 198, 150, 48, 28, 24, 28]
17.351[36, 62, 196, 142, 46, 28, 23, 28]
17.374[35, 64, 177, 148, 49, 27, 24, 27]
17.396[37, 66, 168, 140, 45, 26, 25, 29]
17.411[38, 66, 156, 124, 40, 24, 24, 27]
17.434[38, 62, 182, 109, 35, 25, 22, 26]
17.457[38, 63, 184, 103, 34, 25, 21, 26]
17.473[37, 63, 186, 109, 32, 24, 20, 27]
17.494[34, 56, 171, 108, 32, 25, 21, 25]
17.519[42, 63, 175, 101, 33, 26, 21, 27]
17.532[41, 60, 199, 92, 33, 22, 22, 24]
17.562[43, 67, 234, 99, 37, 22, 24, 28]
17.577[43, 67, 241, 86, 34, 21, 24, 28]
17.591[47, 68, 247, 84, 32, 21, 27, 29]
17.615[38, 64, 232, 84, 30, 22, 25, 27]
17.636[38, 55, 177, 110, 34, 22, 24, 28]
17.659[36, 60, 190, 115, 33, 26, 26, 25]
17.675[47, 75, 222, 106, 33, 29, 28, 27]
17.696[43, 77, 224, 104, 35, 29, 26, 24]
17.713[40, 75, 233, 106, 34, 29, 27, 25]
17.735[44, 77, 230, 91, 35, 30, 26, 28]
17.756[44, 68, 222, 91, 35, 29, 22, 26]
17.772[35, 55, 205, 100, 36, 26, 20, 23]
17.795[34, 49, 195, 101, 37, 27, 21, 23]
17.824[34, 52, 199, 100, 37, 26, 19, 23]
17.832[35, 53, 210, 89, 32, 25, 21, 19]
17.855[40, 53, 169, 81, 30, 26, 22, 21]
17.876[38, 50, 185, 78, 30, 25, 24, 20]
17.892[43, 57, 202, 77, 29, 24, 22, 22]
17.915[45, 58, 195, 80, 30, 24, 24, 20]
17.936[41, 56, 195, 92, 29, 24, 26, 24]
17.952[34, 50, 192, 93, 28, 19, 26, 25]
17.975[35, 53, 152, 100, 36, 22, 25, 24]
17.996[31, 54, 148, 113, 39, 22, 27, 25]
18.012[30, 52, 152, 112, 40, 22, 27, 25]
18.034[31, 53, 141, 108, 40, 22, 24, 24]
18.056[33, 56, 133, 99, 41, 23, 23, 23]
18.079[31, 69, 232, 89, 37, 24, 24, 24]
18.094[32, 65, 239, 108, 42, 28, 24, 23]
18.116[31, 64, 236, 113, 43, 30, 26, 23]
18.148[31, 66, 247, 110, 41, 29, 25, 22]
18.153[29, 67, 259, 112, 41, 31, 26, 21]
18.176[36, 49, 185, 126, 41, 29, 24, 21]
18.199[35, 52, 184, 103, 33, 25, 21, 21]
18.213[39, 58, 190, 105, 31, 25, 18, 22]
18.236[40, 55, 178, 103, 32, 25, 19, 22]
18.258[48, 55, 160, 118, 38, 25, 18, 22]
18.274[45, 52, 153, 121, 40, 26, 18, 23]
18.296[45, 53, 175, 131, 42, 25, 18, 22]
18.318[44, 50, 167, 137, 45, 26, 18, 22]
18.333[47, 57, 165, 137, 45, 26, 18, 22]
18.356[39, 54, 170, 132, 39, 24, 17, 22]
18.378[36, 52, 160, 116, 35, 23, 19, 21]
18.393[37, 56, 206, 111, 32, 23, 20, 22]
18.416[35, 60, 213, 101, 32, 23, 20, 21]
18.438[29, 54, 211, 105, 34, 23, 22, 22]
18.461[31, 57, 211, 96, 34, 21, 22, 21]
18.476[31, 59, 215, 97, 35, 24, 22, 21]
18.498[30, 48, 124, 86, 35, 24, 23, 21]
18.513[30, 52, 134, 87, 38, 22, 24, 21]
18.537[33, 53, 161, 84, 38, 22, 23, 21]
18.559[30, 50, 154, 85, 37, 23, 24, 22]
18.575[31, 53, 189, 81, 36, 21, 22, 23]
18.596[37, 62, 199, 83, 38, 21, 21, 23]
18.618[37, 56, 183, 92, 36, 22, 22, 23]
18.633[34, 59, 166, 104, 36, 22, 22, 24]
18.656[37, 61, 172, 103, 37, 22, 22, 25]
18.679[39, 64, 167, 108, 38, 22, 22, 24]
18.693[34, 64, 194, 129, 37, 23, 22, 25]
18.716[37, 63, 192, 121, 37, 21, 20, 25]
18.739[43, 62, 196, 130, 46, 24, 21, 27]
18.763[40, 66, 217, 132, 48, 25, 21, 26]
18.776[42, 61, 190, 148, 54, 28, 21, 27]
18.8[43, 58, 152, 172, 60, 29, 22, 26]
18.813[41, 59, 152, 174, 59, 29, 21, 25]
18.836[36, 58, 169, 168, 53, 27, 22, 22]
18.867[39, 52, 149, 167, 52, 28, 23, 21]
18.873[38, 56, 169, 184, 54, 28, 23, 22]
18.896[38, 53, 172, 146, 46, 26, 21, 23]
18.918[37, 50, 167, 143, 44, 26, 21, 24]
18.934[39, 48, 143, 140, 48, 28, 21, 24]
18.956[37, 46, 153, 186, 54, 28, 21, 25]
18.98[34, 43, 142, 167, 51, 27, 21, 24]
19.001[37, 48, 145, 176, 53, 29, 22, 24]
19.016[40, 49, 145, 181, 62, 31, 25, 25]
19.04[39, 47, 148, 177, 59, 29, 22, 26]
19.061[41, 52, 149, 133, 53, 28, 24, 25]
19.076[45, 54, 138, 117, 48, 28, 23, 26]
19.098[41, 48, 131, 97, 47, 25, 24, 24]
19.121[37, 46, 137, 100, 43, 23, 21, 21]
19.137[34, 52, 159, 102, 45, 23, 21, 21]
19.158[35, 51, 150, 98, 44, 23, 19, 22]
19.182[35, 48, 152, 93, 44, 22, 20, 20]
19.196[38, 47, 157, 98, 42, 22, 21, 23]
19.219[38, 48, 161, 91, 34, 22, 22, 23]
19.241[38, 47, 173, 108, 30, 22, 21, 22]
19.256[40, 50, 164, 107, 31, 24, 22, 23]
19.278[37, 50, 167, 115, 36, 23, 21, 23]
19.301[33, 52, 158, 110, 40, 23, 18, 20]
19.316[33, 53, 184, 113, 43, 28, 21, 21]
19.339[36, 54, 179, 102, 45, 27, 23, 20]
19.361[32, 55, 188, 104, 46, 26, 22, 22]
19.376[31, 53, 184, 94, 42, 27, 23, 21]
19.4[35, 57, 198, 105, 38, 27, 23, 22]
19.421[39, 56, 174, 93, 35, 22, 19, 23]
19.436[37, 50, 139, 85, 28, 20, 21, 23]
19.46[40, 44, 136, 80, 26, 21, 23, 21]
19.481[40, 47, 141, 82, 27, 21, 23, 22]
19.496[37, 42, 136, 79, 36, 24, 24, 24]
19.518[38, 45, 148, 81, 38, 25, 25, 23]
19.541[37, 48, 160, 95, 42, 25, 22, 25]
19.556[34, 49, 149, 94, 44, 24, 21, 24]
19.58[32, 47, 162, 99, 42, 23, 21, 25]
19.601[31, 47, 173, 95, 33, 21, 18, 22]
19.617[25, 49, 163, 105, 36, 22, 18, 22]
19.638[28, 54, 153, 89, 34, 22, 22, 21]
19.661[26, 50, 157, 93, 34, 21, 22, 21]
19.676[30, 51, 137, 100, 35, 22, 22, 20]
19.698[29, 51, 137, 108, 39, 22, 22, 21]
19.721[33, 58, 175, 100, 36, 20, 22, 23]
19.736[38, 58, 174, 104, 35, 19, 19, 23]
19.758[39, 58, 172, 102, 33, 19, 21, 22]
19.782[38, 56, 171, 92, 32, 18, 21, 22]
19.797[40, 56, 167, 90, 31, 18, 22, 23]
19.819[36, 46, 145, 95, 30, 20, 22, 23]
19.849[32, 38, 179, 90, 29, 23, 21, 21]
19.856[32, 40, 177, 91, 35, 23, 22, 23]
19.878[33, 42, 180, 99, 37, 24, 23, 22]
19.901[32, 41, 167, 91, 37, 24, 23, 22]
19.916[40, 46, 181, 84, 37, 22, 25, 24]
19.954[40, 48, 151, 79, 37, 22, 26, 24]
19.961[40, 47, 159, 114, 41, 27, 24, 26]
19.984[46, 52, 157, 112, 43, 29, 27, 28]
19.999[44, 54, 156, 125, 44, 29, 27, 27]
20.021[39, 49, 151, 126, 43, 28, 24, 27]
20.045[38, 51, 154, 132, 43, 26, 23, 26]
20.058[41, 55, 147, 103, 36, 24, 25, 24]
20.081[37, 54, 163, 103, 37, 26, 25, 23]
20.104[38, 49, 160, 97, 44, 36, 28, 25]
20.119[36, 53, 139, 99, 49, 49, 31, 25]
20.141[42, 51, 132, 92, 50, 53, 32, 25]
20.164[40, 46, 141, 91, 53, 85, 36, 25]
20.178[36, 46, 130, 83, 53, 104, 37, 23]
20.201[37, 50, 132, 80, 50, 107, 39, 22]
20.224[42, 50, 123, 82, 52, 114, 43, 23]
20.238[38, 49, 127, 83, 55, 122, 47, 24]
20.261[37, 49, 116, 95, 53, 109, 47, 23]
20.284[40, 50, 105, 113, 52, 91, 45, 25]
20.299[44, 54, 100, 101, 48, 84, 43, 25]
20.321[53, 66, 92, 96, 45, 79, 47, 27]
20.344[61, 70, 92, 96, 46, 79, 47, 29]
20.359[62, 72, 99, 95, 48, 89, 51, 29]
20.381[68, 73, 94, 68, 51, 97, 64, 30]
20.404[78, 78, 91, 71, 51, 108, 75, 33]
20.42[77, 67, 89, 68, 58, 133, 108, 52]
20.441[96, 93, 79, 68, 73, 200, 235, 116]
20.464[109, 108, 73, 52, 72, 201, 246, 132]
20.478[124, 123, 73, 52, 71, 200, 248, 143]
20.501[125, 120, 73, 48, 74, 199, 256, 194]
20.524[135, 132, 66, 46, 73, 188, 259, 284]
20.538[131, 120, 61, 44, 67, 155, 173, 328]
20.561[125, 108, 59, 48, 71, 166, 166, 346]
20.583[121, 99, 62, 45, 72, 173, 184, 407]
20.598[131, 118, 64, 49, 70, 175, 184, 426]
20.621[130, 119, 72, 54, 75, 191, 226, 435]
20.644[131, 117, 70, 52, 69, 170, 233, 462]
20.658[152, 132, 75, 58, 69, 157, 255, 505]
20.682[152, 133, 74, 58, 71, 162, 274, 550]
20.704[142, 129, 77, 56, 74, 166, 296, 548]
20.718[133, 128, 73, 53, 70, 157, 270, 573]
20.741[133, 131, 78, 56, 67, 150, 269, 550]
20.764[122, 117, 68, 44, 65, 153, 243, 529]
20.787[121, 117, 66, 42, 68, 177, 283, 524]
20.81[144, 144, 63, 43, 75, 187, 286, 511]
20.824[148, 138, 65, 49, 78, 189, 306, 455]
20.838[140, 134, 63, 46, 78, 202, 325, 445]
20.862[133, 140, 62, 51, 86, 206, 339, 443]
20.884[143, 139, 63, 54, 85, 196, 347, 436]
20.906[138, 108, 62, 54, 81, 184, 335, 448]
20.921[139, 113, 57, 48, 74, 165, 333, 425]
20.944[140, 118, 53, 49, 75, 173, 342, 476]
20.966[138, 117, 70, 54, 72, 168, 349, 483]
20.981[127, 128, 77, 52, 67, 149, 306, 441]
21.004[112, 124, 79, 56, 66, 150, 303, 462]
21.026[107, 130, 81, 57, 69, 172, 313, 530]
21.041[114, 127, 85, 58, 67, 157, 296, 525]
21.064[132, 134, 70, 50, 66, 171, 297, 543]
21.087[129, 123, 66, 51, 68, 188, 308, 546]
21.101[154, 138, 66, 49, 68, 195, 315, 572]
21.124[163, 129, 68, 45, 69, 193, 303, 572]
21.146[167, 127, 62, 47, 68, 200, 283, 588]
21.161[152, 121, 66, 46, 63, 181, 264, 560]
21.184[155, 126, 60, 45, 60, 156, 244, 518]
21.207[138, 113, 57, 41, 58, 145, 241, 455]
21.221[132, 119, 57, 46, 60, 132, 222, 410]
21.244[127, 123, 65, 45, 59, 103, 232, 366]
21.267[123, 117, 63, 47, 60, 111, 273, 467]
21.281[117, 113, 70, 50, 58, 115, 288, 489]
21.304[117, 112, 69, 52, 63, 134, 290, 534]
21.326[120, 99, 66, 47, 65, 145, 289, 589]
21.341[112, 92, 62, 45, 67, 155, 283, 568]
21.364[125, 100, 67, 44, 67, 160, 268, 499]
21.387[141, 101, 63, 41, 74, 163, 249, 516]
21.401[136, 89, 65, 41, 75, 151, 277, 491]
21.424[142, 99, 66, 43, 71, 153, 276, 455]
21.447[149, 103, 63, 42, 70, 153, 277, 456]
21.462[141, 98, 55, 40, 65, 147, 282, 468]
21.484[132, 96, 57, 37, 59, 161, 294, 441]
21.508[124, 102, 59, 37, 48, 154, 266, 417]
21.521[111, 100, 55, 35, 41, 130, 262, 410]
21.545[102, 97, 57, 35, 39, 123, 266, 383]
21.567[99, 92, 62, 42, 57, 160, 245, 331]
21.581[116, 105, 60, 44, 58, 149, 243, 353]
21.604[132, 108, 59, 41, 59, 150, 242, 436]
21.627[129, 106, 58, 40, 67, 162, 281, 399]
21.641[137, 110, 60, 42, 67, 167, 289, 418]
21.664[145, 114, 57, 35, 56, 132, 285, 463]
21.686[128, 102, 54, 35, 57, 130, 280, 471]
21.701[110, 95, 50, 35, 62, 152, 283, 398]
21.724[119, 87, 50, 36, 68, 189, 257, 430]
21.746[112, 83, 45, 34, 78, 206, 251, 469]
21.762[115, 88, 55, 38, 80, 209, 268, 486]
21.784[123, 105, 56, 40, 85, 221, 252, 515]
21.814[128, 108, 56, 40, 83, 221, 273, 547]
21.829[127, 115, 59, 41, 73, 186, 268, 520]
21.844[126, 115, 60, 41, 67, 173, 256, 485]
21.866[114, 109, 54, 40, 66, 184, 248, 422]
21.889[121, 99, 57, 40, 62, 171, 241, 384]
21.905[138, 95, 55, 43, 60, 153, 202, 394]
21.927[144, 92, 54, 45, 63, 162, 214, 400]
21.949[164, 98, 59, 49, 61, 150, 212, 452]
21.964[176, 106, 54, 47, 59, 124, 189, 451]
21.986[163, 97, 50, 45, 52, 116, 196, 455]
22.009[145, 102, 55, 43, 54, 125, 195, 413]
22.024[140, 99, 54, 40, 51, 118, 182, 448]
22.047[117, 89, 50, 42, 51, 118, 214, 383]
22.069[107, 77, 50, 40, 50, 118, 227, 383]
22.084[112, 90, 49, 43, 58, 129, 225, 348]
22.107[114, 89, 46, 40, 57, 124, 223, 418]
22.129[111, 92, 49, 44, 64, 125, 209, 387]
22.144[110, 99, 51, 40, 65, 130, 184, 410]
22.167[107, 104, 54, 44, 69, 135, 193, 501]
22.19[113, 98, 58, 42, 65, 128, 205, 585]
22.204[111, 95, 65, 45, 66, 126, 210, 553]
22.226[102, 96, 62, 40, 60, 119, 246, 579]
22.249[104, 91, 62, 39, 57, 105, 235, 570]
22.264[108, 91, 58, 34, 49, 98, 222, 522]
22.287[105, 91, 53, 36, 49, 100, 219, 426]
22.309[104, 87, 45, 32, 47, 95, 215, 389]
22.324[104, 87, 46, 34, 48, 101, 221, 344]
22.348[101, 92, 48, 35, 46, 110, 233, 336]
22.369[95, 83, 55, 35, 49, 118, 236, 289]
22.383[91, 92, 63, 38, 59, 151, 228, 286]
22.407[97, 99, 61, 38, 61, 155, 218, 290]
22.429[96, 98, 62, 40, 60, 155, 185, 261]
22.443[98, 100, 62, 40, 63, 159, 179, 321]
22.466[92, 98, 56, 43, 63, 158, 166, 352]
22.489[84, 93, 49, 38, 50, 125, 169, 353]
22.503[80, 90, 49, 38, 46, 123, 182, 377]
22.527[88, 87, 53, 34, 50, 176, 208, 455]
22.549[91, 84, 51, 33, 49, 171, 207, 400]
22.565[105, 93, 51, 29, 52, 176, 226, 381]
22.586[126, 92, 53, 31, 58, 198, 244, 394]
22.609[135, 92, 54, 32, 58, 200, 253, 486]
22.631[138, 99, 54, 36, 51, 155, 242, 463]
22.647[141, 101, 53, 36, 58, 162, 250, 480]
22.668[135, 98, 54, 36, 53, 156, 266, 496]
22.691[145, 103, 53, 34, 53, 164, 295, 525]
22.707[136, 99, 50, 33, 52, 167, 297, 447]
22.73[128, 90, 45, 31, 55, 169, 286, 424]
22.754[125, 83, 46, 36, 49, 161, 288, 449]
22.768[133, 80, 45, 38, 54, 161, 275, 426]
22.788[111, 71, 48, 40, 55, 155, 251, 477]
22.811[131, 91, 55, 43, 63, 166, 250, 522]
22.827[128, 91, 53, 46, 64, 171, 242, 534]
22.856[122, 90, 52, 42, 64, 174, 257, 521]
22.871[118, 94, 53, 41, 59, 180, 253, 556]
22.887[114, 94, 47, 39, 58, 160, 222, 476]
22.908[92, 78, 46, 35, 58, 151, 227, 420]
22.931[116, 89, 45, 31, 59, 146, 239, 454]
22.947[123, 95, 46, 33, 61, 156, 227, 439]
22.969[121, 102, 44, 34, 60, 140, 217, 411]
22.992[115, 102, 45, 35, 58, 137, 225, 409]
23.008[130, 112, 49, 37, 56, 141, 203, 529]
23.029[117, 111, 51, 36, 54, 144, 227, 479]
23.051[113, 107, 52, 38, 58, 134, 212, 480]
23.067[115, 108, 56, 39, 63, 151, 216, 495]
23.088[113, 107, 63, 39, 62, 147, 212, 511]
23.111[98, 104, 59, 39, 65, 145, 217, 386]
23.128[96, 96, 58, 41, 63, 137, 187, 400]
23.148[106, 107, 60, 40, 63, 145, 197, 421]
23.172[103, 110, 59, 36, 61, 138, 196, 436]
23.187[108, 106, 57, 37, 61, 140, 202, 404]
23.208[102, 100, 56, 36, 56, 127, 192, 411]
23.232[100, 104, 55, 35, 57, 130, 177, 397]
23.249[87, 93, 53, 34, 54, 113, 160, 364]
23.269[78, 82, 54, 37, 60, 107, 151, 319]
23.291[70, 85, 51, 37, 61, 101, 133, 354]
23.307[79, 93, 55, 39, 60, 96, 130, 313]
23.328[74, 88, 53, 38, 58, 95, 172, 272]
23.351[89, 108, 57, 42, 59, 97, 164, 258]
23.368[94, 107, 57, 43, 50, 89, 152, 219]
23.388[97, 106, 71, 96, 53, 84, 143, 136]
23.411[99, 109, 72, 105, 55, 88, 141, 112]
23.427[97, 111, 73, 106, 55, 69, 67, 109]
23.448[83, 90, 90, 161, 69, 64, 61, 91]
23.471[84, 91, 110, 220, 91, 65, 57, 73]
23.486[81, 90, 128, 267, 111, 70, 56, 57]
23.516[70, 74, 139, 311, 130, 63, 49, 52]
23.53[76, 78, 142, 322, 135, 63, 42, 42]
23.545[75, 76, 129, 301, 128, 54, 37, 41]
23.568[69, 74, 179, 475, 174, 50, 31, 34]
23.591[72, 77, 165, 464, 165, 45, 29, 31]
23.606[67, 72, 166, 439, 150, 41, 27, 29]
23.629[66, 71, 166, 440, 146, 40, 26, 32]
23.651[79, 85, 194, 480, 157, 42, 25, 36]
23.673[76, 91, 194, 301, 104, 40, 25, 35]
23.688[73, 88, 206, 297, 103, 36, 22, 33]
23.712[78, 91, 214, 309, 105, 37, 23, 34]
23.733[69, 84, 229, 328, 110, 38, 23, 30]
23.749[56, 91, 264, 319, 109, 38, 26, 28]
23.771[62, 82, 254, 337, 104, 39, 29, 31]
23.793[60, 79, 245, 319, 101, 38, 29, 32]
23.808[54, 95, 323, 361, 105, 39, 28, 32]
23.831[55, 105, 366, 401, 117, 43, 31, 33]
23.862[68, 109, 391, 363, 103, 43, 36, 34]
23.869[63, 107, 385, 328, 91, 42, 38, 30]
23.891[67, 135, 451, 382, 114, 51, 44, 35]
23.915[69, 122, 399, 360, 112, 50, 45, 36]
23.928[71, 122, 413, 297, 96, 47, 43, 35]
23.951[56, 107, 374, 315, 106, 48, 39, 34]
23.973[52, 109, 374, 325, 109, 48, 36, 33]
23.988[47, 91, 323, 269, 86, 38, 28, 28]
24.011[45, 90, 323, 246, 80, 37, 28, 26]
24.033[44, 85, 240, 233, 77, 35, 28, 25]
24.05[41, 84, 242, 223, 64, 29, 23, 21]
24.071[44, 87, 239, 207, 65, 29, 26, 28]
24.095[40, 67, 202, 193, 60, 29, 26, 27]
24.109[43, 73, 196, 210, 70, 32, 28, 29]
24.132[53, 68, 196, 219, 77, 33, 30, 31]
24.153[53, 63, 157, 204, 79, 33, 31, 33]
24.168[50, 54, 137, 198, 73, 32, 30, 28]
24.191[56, 55, 129, 208, 74, 32, 31, 28]
24.213[57, 67, 160, 178, 67, 30, 30, 27]
24.228[51, 76, 176, 189, 64, 30, 26, 24]
24.251[55, 82, 195, 179, 57, 30, 25, 26]
24.274[55, 85, 199, 177, 55, 30, 24, 25]
24.288[51, 87, 202, 169, 56, 28, 25, 26]
24.311[50, 75, 172, 182, 60, 28, 24, 29]
24.333[49, 79, 190, 167, 64, 29, 27, 28]
24.348[45, 72, 163, 170, 65, 29, 26, 25]
24.371[43, 69, 160, 172, 66, 28, 26, 25]
24.393[45, 81, 222, 161, 65, 33, 26, 27]
24.408[42, 85, 238, 174, 79, 36, 26, 24]
24.431[38, 73, 220, 167, 76, 36, 25, 26]
24.453[43, 76, 223, 163, 75, 35, 24, 27]
24.468[43, 77, 221, 161, 75, 35, 23, 27]
24.491[44, 60, 174, 170, 74, 32, 22, 24]
24.513[44, 64, 233, 137, 55, 27, 22, 24]
24.529[46, 64, 250, 136, 51, 25, 23, 24]
24.551[41, 59, 247, 135, 49, 26, 23, 24]
24.574[43, 59, 249, 145, 49, 25, 24, 23]
24.588[39, 59, 238, 136, 45, 25, 25, 24]
24.611[40, 58, 199, 122, 37, 25, 25, 23]
24.633[32, 56, 186, 117, 35, 23, 24, 22]
24.648[37, 59, 189, 117, 36, 21, 25, 23]
24.671[43, 61, 191, 119, 38, 23, 26, 26]
24.693[44, 60, 190, 113, 39, 24, 24, 26]
24.717[43, 58, 174, 113, 42, 28, 24, 29]
24.731[44, 66, 181, 110, 40, 28, 24, 28]
24.753[44, 65, 184, 117, 41, 30, 23, 28]
24.776[38, 61, 181, 98, 38, 29, 21, 26]
24.791[37, 62, 171, 104, 38, 27, 22, 25]
24.813[40, 57, 150, 109, 40, 24, 20, 23]
24.836[46, 54, 121, 137, 45, 25, 20, 25]
24.851[49, 58, 123, 140, 48, 24, 22, 25]
24.873[48, 58, 129, 142, 47, 24, 22, 26]
24.896[57, 70, 126, 128, 49, 25, 20, 29]
24.911[54, 69, 137, 115, 43, 26, 19, 27]
24.933[51, 65, 156, 136, 48, 24, 21, 30]
24.957[47, 65, 151, 131, 48, 25, 19, 27]
24.971[47, 65, 141, 131, 50, 26, 20, 27]
24.993[46, 61, 156, 134, 48, 25, 21, 26]
25.017[48, 61, 146, 145, 49, 25, 22, 27]
25.031[46, 57, 130, 96, 41, 25, 20, 22]
25.054[47, 61, 143, 91, 36, 25, 22, 24]
25.076[49, 60, 146, 90, 35, 25, 21, 25]
25.091[41, 51, 144, 94, 34, 23, 21, 22]
25.113[42, 51, 141, 107, 34, 25, 22, 23]
25.136[43, 51, 154, 115, 35, 24, 24, 24]
25.151[44, 44, 149, 120, 38, 24, 23, 24]
25.174[41, 46, 165, 126, 36, 23, 24, 20]
25.196[39, 47, 154, 125, 37, 23, 23, 20]
25.212[38, 47, 148, 108, 38, 22, 24, 21]
25.233[39, 44, 138, 102, 36, 24, 21, 22]
25.257[34, 47, 199, 124, 42, 25, 22, 22]
25.271[38, 48, 203, 123, 44, 26, 21, 24]
25.293[43, 49, 204, 118, 43, 25, 22, 23]
25.316[42, 46, 203, 109, 39, 23, 19, 21]
25.331[45, 51, 225, 127, 41, 23, 23, 21]
25.355[46, 49, 188, 107, 35, 19, 23, 20]
25.376[43, 46, 177, 107, 34, 19, 23, 19]
25.391[37, 44, 173, 113, 37, 20, 23, 19]
25.413[36, 47, 189, 118, 40, 23, 23, 22]
25.437[36, 52, 157, 105, 40, 25, 22, 23]
25.451[36, 49, 142, 103, 42, 25, 22, 24]
25.473[37, 52, 150, 115, 45, 26, 22, 24]
25.504[41, 55, 153, 113, 43, 26, 22, 24]
25.511[44, 56, 137, 114, 42, 25, 23, 23]
25.534[37, 48, 130, 103, 40, 23, 21, 22]
25.556[40, 50, 124, 115, 40, 23, 20, 22]
25.571[41, 49, 109, 102, 37, 22, 21, 23]
25.593[37, 44, 119, 101, 35, 23, 20, 24]
25.616[34, 45, 125, 92, 34, 22, 20, 22]
25.641[39, 46, 121, 89, 35, 21, 22, 22]
25.653[35, 46, 132, 90, 34, 20, 22, 21]
25.676[34, 51, 182, 93, 38, 20, 23, 23]
25.699[33, 55, 183, 95, 41, 20, 24, 21]
25.713[31, 51, 176, 97, 40, 19, 23, 24]
25.736[29, 50, 195, 108, 39, 21, 22, 24]
25.759[29, 49, 183, 111, 41, 22, 22, 26]
25.775[27, 52, 167, 112, 38, 25, 19, 22]
25.797[31, 54, 168, 111, 36, 25, 19, 24]
25.82[32, 56, 171, 119, 35, 26, 19, 23]
25.833[33, 62, 166, 116, 37, 25, 19, 22]
25.857[33, 70, 177, 99, 32, 25, 19, 22]
25.886[37, 64, 172, 97, 33, 21, 20, 22]
25.893[35, 60, 180, 107, 36, 21, 23, 21]
25.916[36, 60, 184, 101, 37, 21, 24, 22]
25.939[35, 56, 179, 97, 37, 21, 23, 21]
25.953[36, 45, 166, 100, 36, 21, 22, 20]
25.977[35, 49, 150, 99, 39, 23, 23, 22]
26.0[34, 50, 133, 90, 36, 22, 21, 22]
26.015[36, 49, 123, 95, 37, 22, 22, 22]
26.037[33, 47, 107, 93, 37, 22, 21, 21]
26.062[37, 50, 112, 93, 37, 24, 23, 23]
26.074[39, 50, 119, 96, 35, 22, 21, 21]
26.096[39, 47, 128, 98, 34, 23, 21, 22]
26.119[35, 48, 138, 89, 33, 23, 19, 19]
26.133[42, 53, 138, 90, 34, 23, 20, 21]
26.156[39, 53, 136, 97, 34, 24, 21, 22]
26.179[44, 52, 113, 88, 31, 27, 21, 25]
26.193[49, 54, 128, 94, 36, 29, 23, 24]
26.218[50, 55, 123, 96, 36, 30, 23, 25]
26.239[45, 54, 143, 100, 37, 29, 22, 24]
26.253[45, 51, 147, 109, 37, 28, 20, 24]
26.276[41, 48, 142, 107, 42, 25, 22, 21]
26.299[34, 46, 116, 97, 38, 23, 20, 21]
26.313[31, 43, 112, 98, 39, 24, 20, 20]
26.336[32, 40, 90, 101, 37, 25, 19, 22]
26.359[36, 40, 88, 77, 34, 24, 22, 22]
26.373[32, 38, 95, 78, 33, 25, 20, 22]
26.396[33, 34, 102, 80, 33, 25, 21, 23]
26.419[37, 36, 108, 82, 35, 26, 22, 24]
26.433[39, 35, 110, 71, 34, 26, 22, 24]
26.458[38, 38, 113, 78, 36, 27, 23, 23]
26.479[40, 41, 107, 83, 32, 26, 25, 22]
26.495[53, 48, 102, 85, 35, 26, 27, 28]
26.516[51, 48, 103, 80, 35, 23, 28, 29]
26.539[51, 53, 121, 89, 36, 25, 28, 28]
26.562[48, 52, 109, 102, 37, 26, 26, 27]
26.576[48, 51, 110, 100, 39, 27, 24, 29]
26.599[34, 49, 121, 98, 37, 28, 25, 23]
26.622[32, 49, 115, 94, 32, 27, 23, 20]
26.637[32, 46, 91, 90, 32, 28, 22, 21]
26.659[35, 47, 93, 77, 32, 26, 24, 23]
26.681[34, 48, 129, 73, 29, 24, 22, 20]
26.696[33, 47, 131, 76, 29, 22, 20, 21]
26.72[41, 56, 140, 84, 31, 23, 20, 22]
26.742[40, 51, 139, 87, 31, 23, 20, 22]
26.756[41, 55, 145, 94, 31, 22, 20, 23]
26.779[46, 58, 132, 96, 31, 21, 21, 22]
26.801[45, 55, 115, 97, 32, 24, 20, 22]
26.816[43, 50, 104, 100, 31, 23, 19, 22]
26.848[42, 51, 123, 95, 30, 21, 20, 21]
26.861[42, 46, 115, 107, 37, 24, 21, 18]
26.876[37, 38, 92, 104, 37, 27, 20, 17]
26.899[43, 46, 101, 117, 39, 25, 23, 20]
26.922[37, 41, 121, 114, 39, 27, 23, 19]
26.936[39, 43, 110, 117, 40, 27, 25, 20]
26.959[33, 41, 106, 93, 30, 25, 21, 18]
26.981[38, 46, 109, 113, 31, 25, 22, 19]
26.996[32, 39, 108, 98, 28, 24, 20, 17]
27.019[40, 49, 107, 113, 38, 27, 24, 23]
27.041[39, 47, 115, 112, 41, 28, 22, 23]
27.057[41, 49, 125, 119, 42, 28, 23, 24]
27.079[40, 47, 130, 114, 44, 30, 25, 25]
27.103[44, 52, 126, 119, 45, 31, 27, 25]
27.115[43, 47, 118, 102, 37, 28, 23, 22]
27.139[45, 49, 108, 99, 33, 26, 26, 25]
27.161[45, 48, 110, 93, 33, 26, 25, 25]
27.175[44, 49, 113, 74, 29, 23, 23, 23]
27.199[40, 46, 123, 77, 29, 21, 22, 22]
27.221[33, 44, 116, 77, 29, 21, 21, 22]
27.236[32, 42, 109, 90, 38, 25, 18, 21]
27.259[29, 43, 117, 91, 40, 24, 21, 21]
27.281[40, 48, 111, 88, 40, 24, 21, 23]
27.297[40, 45, 102, 84, 41, 26, 20, 24]
27.321[45, 45, 114, 89, 39, 26, 22, 23]
27.343[46, 45, 114, 77, 31, 22, 22, 22]
27.363[47, 44, 92, 72, 27, 23, 21, 20]
27.38[42, 40, 96, 82, 30, 25, 20, 20]
27.401[39, 37, 101, 80, 27, 23, 21, 20]
27.416[41, 43, 98, 81, 33, 26, 22, 21]
27.439