[24, 68, 316, 72, 39, 31, 28, 26]
0.951[28, 85, 361, 69, 41, 35, 29, 28]
0.967[29, 90, 366, 74, 41, 33, 31, 29]
0.996[30, 90, 356, 76, 42, 27, 27, 28]
1.003[28, 89, 324, 82, 43, 28, 26, 26]
1.026[29, 105, 305, 77, 43, 29, 27, 27]
1.049[25, 98, 294, 86, 52, 25, 25, 20]
1.063[25, 97, 321, 90, 52, 25, 24, 21]
1.086[26, 96, 328, 86, 51, 27, 24, 22]
1.108[28, 96, 346, 90, 53, 28, 26, 22]
1.123[27, 87, 316, 94, 57, 31, 30, 25]
1.146[26, 94, 298, 98, 51, 31, 30, 26]
1.169[25, 95, 260, 100, 51, 31, 29, 24]
1.183[24, 100, 272, 105, 53, 30, 32, 25]
1.206[24, 97, 259, 104, 50, 30, 30, 25]
1.231[24, 92, 267, 107, 49, 26, 24, 24]
1.243[23, 75, 252, 94, 45, 26, 25, 24]
1.266[23, 72, 249, 94, 43, 28, 25, 22]
1.288[23, 79, 285, 101, 49, 30, 24, 21]
1.303[23, 82, 322, 99, 51, 30, 24, 23]
1.326[24, 75, 329, 96, 47, 29, 25, 20]
1.349[23, 76, 334, 104, 47, 28, 26, 22]
1.363[23, 73, 333, 96, 48, 26, 26, 23]
1.386[22, 61, 328, 91, 42, 23, 26, 24]
1.41[21, 70, 315, 114, 59, 31, 28, 23]
1.423[21, 72, 299, 113, 60, 33, 30, 24]
1.446[23, 70, 285, 105, 60, 32, 28, 23]
1.476[22, 74, 285, 105, 60, 33, 29, 23]
1.491[23, 80, 234, 108, 62, 35, 28, 22]
1.506[26, 83, 205, 87, 47, 28, 28, 24]
1.528[27, 85, 224, 90, 49, 28, 25, 24]
1.551[25, 99, 241, 94, 50, 29, 26, 25]
1.566[24, 95, 252, 93, 48, 30, 25, 24]
1.589[24, 87, 263, 106, 52, 27, 24, 26]
1.611[21, 85, 297, 126, 57, 27, 24, 24]
1.627[20, 96, 340, 125, 55, 29, 25, 23]
1.648[20, 79, 325, 130, 53, 28, 24, 23]
1.672[22, 79, 317, 129, 54, 27, 25, 23]
1.686[22, 81, 313, 122, 47, 30, 26, 22]
1.709[21, 73, 298, 98, 37, 30, 23, 20]
1.731[21, 62, 247, 108, 39, 28, 24, 22]
1.746[25, 69, 253, 103, 47, 29, 24, 23]
1.768[23, 68, 269, 117, 50, 32, 23, 23]
1.792[22, 72, 277, 106, 49, 34, 23, 22]
1.806[23, 75, 263, 111, 50, 33, 25, 22]
1.829[25, 76, 265, 115, 54, 33, 24, 21]
1.853[23, 83, 303, 119, 54, 34, 24, 21]
1.874[24, 85, 281, 113, 54, 33, 24, 21]
1.895[25, 80, 268, 114, 56, 31, 25, 23]
1.911[26, 81, 316, 129, 59, 32, 24, 25]
1.933[26, 72, 301, 121, 57, 32, 25, 24]
1.955[27, 68, 316, 119, 52, 28, 25, 24]
1.972[28, 68, 330, 115, 51, 28, 23, 23]
1.993[30, 72, 332, 115, 54, 29, 24, 23]
2.015[27, 66, 298, 98, 52, 27, 24, 22]
2.038[27, 69, 293, 96, 49, 27, 23, 25]
2.054[27, 61, 248, 96, 51, 29, 22, 25]
2.075[26, 61, 240, 120, 57, 32, 24, 29]
2.092[23, 56, 238, 127, 55, 31, 22, 28]
2.113[23, 55, 221, 123, 55, 33, 23, 27]
2.135[22, 60, 224, 129, 57, 34, 24, 27]
2.152[18, 59, 217, 133, 55, 35, 25, 27]
2.173[21, 56, 211, 122, 48, 32, 23, 23]
2.195[22, 56, 216, 119, 47, 31, 24, 23]
2.212[24, 61, 232, 120, 44, 32, 23, 24]
2.233[24, 60, 256, 119, 41, 29, 22, 22]
2.255[27, 60, 252, 114, 42, 27, 23, 23]
2.272[24, 66, 278, 115, 42, 28, 23, 23]
2.293[24, 68, 282, 110, 42, 25, 24, 23]
2.317[22, 65, 305, 113, 42, 25, 25, 24]
2.333[24, 65, 297, 110, 45, 26, 26, 24]
2.353[22, 62, 287, 110, 48, 28, 25, 23]
2.375[24, 59, 274, 100, 59, 32, 27, 23]
2.391[24, 70, 302, 99, 59, 34, 28, 24]
2.413[25, 80, 277, 89, 59, 33, 28, 23]
2.435[23, 78, 255, 81, 57, 32, 28, 22]
2.452[24, 78, 258, 84, 59, 34, 29, 24]
2.473[22, 95, 253, 83, 49, 32, 28, 24]
2.495[23, 91, 232, 89, 49, 31, 27, 22]
2.512[23, 84, 218, 93, 51, 33, 27, 24]
2.533[23, 79, 231, 101, 51, 32, 26, 24]
2.556[21, 79, 235, 98, 49, 28, 24, 23]
2.572[22, 72, 272, 108, 48, 25, 26, 24]
2.593[22, 70, 252, 110, 44, 24, 24, 23]
2.617[21, 76, 269, 108, 41, 22, 22, 20]
2.632[23, 88, 277, 107, 40, 20, 20, 21]
2.653[24, 99, 270, 108, 36, 22, 21, 23]
2.675[23, 86, 239, 101, 41, 25, 20, 22]
2.692[25, 89, 252, 93, 44, 28, 22, 24]
2.713[24, 84, 236, 93, 46, 28, 26, 27]
2.735[25, 79, 224, 104, 50, 31, 27, 26]
2.752[24, 71, 214, 102, 51, 32, 28, 24]
2.773[25, 70, 215, 99, 49, 30, 26, 25]
2.795[23, 72, 246, 98, 48, 29, 25, 23]
2.81[24, 85, 309, 110, 50, 28, 23, 21]
2.833[22, 80, 313, 96, 46, 27, 23, 21]
2.855[22, 73, 319, 90, 45, 27, 22, 20]
2.87[21, 73, 307, 82, 40, 25, 22, 19]
2.893[24, 71, 322, 101, 41, 25, 21, 19]
2.923[22, 48, 290, 89, 43, 26, 21, 21]
2.938[23, 50, 296, 92, 44, 25, 22, 22]
2.96[22, 56, 309, 106, 52, 28, 23, 23]
2.975[23, 61, 331, 112, 55, 31, 26, 24]
2.998[21, 55, 280, 107, 55, 32, 27, 25]
3.013[19, 58, 266, 110, 54, 32, 27, 26]
3.035[20, 57, 252, 109, 52, 31, 25, 25]
3.058[21, 54, 272, 119, 46, 29, 26, 24]
3.073[22, 48, 239, 119, 48, 29, 23, 24]
3.097[23, 51, 257, 112, 49, 30, 23, 22]
3.12[24, 44, 229, 114, 46, 29, 21, 21]
3.133[22, 44, 242, 116, 48, 29, 23, 20]
3.156[22, 54, 189, 96, 54, 29, 24, 20]
3.178[20, 57, 206, 104, 57, 30, 24, 19]
3.193[19, 59, 211, 102, 54, 27, 25, 20]
3.215[19, 64, 215, 95, 54, 28, 24, 19]
3.237[19, 64, 224, 98, 59, 31, 24, 19]
3.253[20, 55, 235, 101, 53, 32, 24, 19]
3.275[19, 54, 237, 100, 51, 30, 24, 21]
3.297[20, 61, 237, 97, 51, 32, 24, 21]
3.313[21, 65, 244, 101, 52, 32, 25, 21]
3.336[25, 68, 230, 101, 47, 30, 26, 23]
3.358[25, 69, 240, 98, 45, 29, 26, 25]
3.374[25, 72, 231, 87, 44, 30, 27, 21]
3.395[25, 60, 214, 105, 57, 31, 27, 21]
3.426[23, 54, 210, 109, 57, 30, 27, 23]
3.433[21, 49, 215, 105, 56, 31, 25, 24]
3.455[19, 52, 217, 102, 56, 32, 24, 24]
3.478[20, 46, 221, 103, 53, 31, 24, 25]
3.493[21, 51, 228, 99, 45, 30, 22, 24]
3.515[20, 57, 257, 106, 42, 32, 23, 24]
3.538[19, 62, 250, 109, 47, 33, 24, 20]
3.553[20, 59, 228, 111, 47, 34, 23, 19]
3.576[21, 77, 293, 142, 51, 35, 24, 19]
3.598[21, 76, 295, 156, 61, 36, 25, 21]
3.613[24, 78, 267, 146, 63, 33, 24, 19]
3.635[26, 83, 305, 148, 64, 32, 22, 20]
3.658[26, 86, 314, 149, 66, 31, 22, 20]
3.673[24, 72, 243, 116, 66, 29, 22, 21]
3.695[26, 79, 242, 89, 54, 28, 22, 24]
3.718[23, 77, 256, 90, 51, 29, 22, 24]
3.735[22, 84, 257, 83, 48, 29, 24, 26]
3.755[23, 88, 275, 88, 47, 30, 24, 24]
3.779[24, 90, 296, 95, 46, 29, 23, 24]
3.792[23, 94, 326, 94, 45, 31, 22, 22]
3.816[23, 94, 337, 94, 46, 30, 22, 24]
3.838[24, 85, 304, 98, 47, 30, 24, 24]
3.86[24, 85, 289, 90, 47, 29, 25, 26]
3.875[24, 83, 280, 124, 66, 35, 30, 26]
3.898[25, 75, 231, 119, 70, 33, 30, 23]
3.92[25, 71, 216, 125, 74, 35, 30, 27]
3.935[24, 69, 243, 142, 75, 35, 28, 25]
3.957[25, 62, 230, 149, 80, 38, 28, 27]
3.98[23, 67, 225, 121, 63, 33, 24, 28]
3.995[25, 79, 245, 125, 65, 36, 25, 29]
4.019[25, 81, 220, 122, 64, 35, 25, 26]
4.04[25, 79, 194, 100, 60, 34, 25, 26]
4.055[25, 81, 212, 100, 54, 31, 25, 24]
4.077[25, 83, 217, 106, 56, 31, 25, 22]
4.1[22, 68, 191, 106, 48, 30, 27, 23]
4.115[23, 68, 231, 106, 45, 28, 28, 24]
4.137[25, 71, 213, 99, 43, 30, 28, 23]
4.16[23, 74, 230, 92, 40, 30, 29, 24]
4.176[22, 66, 239, 84, 36, 30, 28, 24]
4.198[23, 67, 242, 82, 35, 28, 25, 23]
4.221[24, 67, 217, 102, 43, 31, 25, 22]
4.236[23, 67, 255, 104, 49, 31, 24, 24]
4.258[23, 63, 249, 101, 50, 32, 24, 24]
4.28[26, 68, 244, 99, 51, 31, 25, 23]
4.295[26, 67, 237, 98, 53, 31, 25, 23]
4.318[25, 68, 243, 81, 47, 29, 24, 19]
4.34[25, 61, 215, 86, 41, 25, 24, 16]
4.355[26, 57, 202, 89, 43, 25, 22, 17]
4.377[24, 61, 241, 95, 43, 25, 22, 19]
4.401[23, 64, 284, 94, 42, 28, 24, 19]
4.416[23, 69, 284, 96, 41, 26, 23, 20]
4.437[21, 71, 315, 98, 46, 32, 22, 20]
4.461[20, 69, 323, 100, 47, 32, 22, 20]
4.475[20, 66, 291, 93, 49, 32, 23, 20]
4.497[22, 64, 250, 95, 46, 30, 21, 22]
4.521[22, 59, 242, 100, 50, 32, 23, 21]
4.535[23, 62, 229, 92, 45, 27, 26, 25]
4.557[23, 65, 225, 86, 41, 26, 26, 25]
4.581[22, 65, 211, 93, 39, 26, 24, 25]
4.595[21, 67, 214, 101, 46, 28, 26, 23]
4.618[20, 61, 223, 83, 40, 26, 25, 24]
4.641[20, 61, 215, 99, 43, 28, 22, 22]
4.655[19, 66, 255, 105, 51, 33, 21, 21]
4.678[21, 65, 281, 101, 50, 32, 21, 20]
4.701[20, 65, 306, 100, 45, 34, 20, 20]
4.715[22, 65, 290, 100, 46, 34, 20, 25]
4.737[22, 62, 291, 92, 48, 35, 21, 24]
4.761[23, 55, 266, 86, 40, 30, 20, 25]
4.775[22, 59, 264, 78, 46, 33, 23, 28]
4.798[24, 58, 237, 70, 47, 31, 26, 28]
4.821[22, 61, 268, 79, 50, 32, 28, 24]
4.844[22, 59, 247, 73, 44, 31, 28, 27]
4.858[24, 62, 213, 76, 45, 30, 29, 25]
4.881[26, 53, 226, 83, 48, 31, 32, 23]
4.903[24, 50, 223, 80, 47, 31, 31, 22]
4.917[27, 50, 192, 88, 55, 62, 37, 22]
4.948[27, 48, 186, 103, 80, 93, 44, 19]
4.963[25, 42, 176, 99, 89, 119, 47, 21]
4.977[26, 37, 109, 98, 91, 140, 60, 23]
5.001[31, 39, 96, 100, 167, 292, 128, 30]
5.023[33, 35, 76, 96, 203, 337, 162, 38]
5.037[37, 38, 66, 83, 209, 352, 178, 44]
5.069[62, 39, 71, 91, 235, 373, 190, 49]
5.084[91, 43, 75, 93, 256, 444, 212, 58]
5.098[110, 40, 78, 94, 225, 386, 190, 59]
5.121[119, 48, 78, 87, 207, 395, 185, 62]
5.144[120, 50, 75, 95, 224, 461, 209, 63]
5.158[124, 55, 78, 112, 297, 634, 307, 78]
5.181[119, 58, 76, 119, 302, 668, 329, 79]
5.203[116, 62, 91, 138, 302, 701, 352, 78]
5.217[117, 63, 95, 144, 312, 715, 356, 79]
5.242[121, 65, 99, 140, 294, 670, 339, 75]
5.263[114, 68, 102, 143, 225, 567, 270, 69]
5.279[113, 72, 103, 146, 228, 571, 298, 80]
5.301[103, 75, 91, 133, 232, 552, 287, 82]
5.324[107, 75, 88, 129, 215, 517, 275, 83]
5.338[122, 73, 81, 130, 224, 571, 298, 85]
5.361[120, 71, 80, 120, 211, 566, 304, 85]
5.383[122, 64, 72, 107, 202, 557, 275, 74]
5.397[125, 59, 69, 106, 204, 556, 266, 72]
5.421[116, 58, 66, 108, 199, 557, 276, 68]
5.443[97, 67, 71, 104, 191, 512, 262, 68]
5.458[93, 62, 57, 93, 196, 510, 296, 63]
5.481[92, 62, 61, 100, 194, 472, 301, 66]
5.503[95, 63, 62, 105, 182, 482, 307, 67]
5.518[99, 60, 64, 105, 190, 505, 306, 63]
5.541[100, 46, 59, 103, 197, 534, 317, 63]
5.571[120, 47, 62, 107, 215, 585, 330, 69]
5.577[113, 48, 58, 99, 199, 563, 304, 60]
5.601[127, 46, 53, 92, 203, 545, 306, 62]
5.623[143, 49, 58, 91, 213, 616, 343, 74]
5.637[143, 51, 59, 93, 206, 598, 332, 71]
5.661[127, 51, 60, 102, 192, 525, 281, 72]
5.684[125, 54, 73, 155, 233, 541, 278, 78]
5.698[115, 54, 77, 159, 229, 527, 259, 76]
5.721[101, 54, 71, 158, 216, 419, 200, 69]
5.743[101, 56, 102, 237, 254, 395, 186, 72]
5.766[109, 57, 144, 255, 254, 344, 172, 64]
5.781[114, 62, 207, 245, 227, 329, 183, 61]
5.803[106, 68, 212, 246, 231, 330, 191, 60]
5.826[115, 76, 231, 296, 264, 341, 201, 72]
5.841[120, 79, 226, 268, 254, 349, 209, 85]
5.863[114, 78, 230, 265, 262, 346, 220, 92]
5.886[115, 72, 176, 268, 261, 309, 220, 97]
5.901[119, 73, 175, 271, 270, 354, 235, 101]
5.924[98, 68, 217, 244, 253, 341, 224, 93]
5.946[90, 61, 214, 250, 237, 328, 217, 81]
5.961[102, 74, 197, 259, 207, 397, 225, 71]
5.983[93, 73, 214, 247, 186, 405, 228, 63]
6.006[90, 74, 221, 274, 196, 382, 239, 84]
6.021[97, 77, 168, 274, 207, 375, 248, 94]
6.043[100, 83, 215, 398, 296, 397, 298, 104]
6.066[88, 74, 213, 415, 313, 332, 296, 106]
6.082[89, 74, 204, 460, 350, 293, 285, 108]
6.103[90, 72, 218, 466, 361, 297, 274, 90]
6.126[82, 69, 218, 457, 351, 378, 397, 81]
6.141[86, 64, 177, 372, 278, 366, 376, 74]
6.164[85, 68, 193, 363, 266, 389, 437, 71]
6.186[103, 83, 211, 374, 265, 407, 441, 74]
6.201[94, 79, 189, 384, 254, 376, 433, 80]
6.224[91, 73, 202, 379, 242, 274, 330, 76]
6.246[86, 78, 209, 373, 247, 260, 319, 72]
6.26[93, 74, 193, 360, 255, 239, 222, 74]
6.284[68, 58, 179, 287, 215, 224, 219, 68]
6.306[73, 60, 203, 252, 192, 250, 259, 57]
6.32[75, 62, 198, 286, 209, 283, 251, 63]
6.343[73, 57, 207, 285, 226, 282, 241, 69]
6.366[58, 62, 282, 330, 243, 265, 233, 65]
6.38[63, 70, 292, 358, 246, 254, 262, 65]
6.403[52, 65, 276, 350, 237, 225, 224, 65]
6.426[51, 71, 294, 328, 229, 209, 235, 57]
6.44[50, 68, 291, 300, 203, 210, 255, 45]
6.463[59, 65, 211, 228, 154, 192, 258, 41]
6.486[58, 56, 182, 194, 148, 189, 230, 42]
6.5[64, 58, 188, 187, 150, 212, 234, 41]
6.524[62, 51, 135, 185, 148, 197, 208, 37]
6.547[61, 51, 114, 228, 176, 198, 181, 41]
6.56[61, 48, 121, 250, 200, 218, 164, 48]
6.584[65, 52, 152, 274, 200, 234, 141, 50]
6.606[59, 52, 142, 299, 198, 230, 124, 54]
6.62[60, 53, 149, 294, 197, 250, 150, 57]
6.643[58, 52, 142, 258, 155, 284, 201, 55]
6.666[60, 57, 178, 276, 142, 282, 205, 50]
6.688[52, 53, 152, 246, 141, 281, 216, 48]
6.703[53, 53, 147, 214, 146, 297, 233, 69]
6.726[52, 55, 156, 216, 141, 287, 217, 72]
6.749[56, 58, 162, 226, 151, 248, 171, 72]
6.764[46, 54, 126, 222, 161, 264, 194, 75]
6.794[49, 55, 145, 231, 176, 264, 198, 75]
6.808[53, 54, 145, 230, 185, 259, 198, 55]
6.824[56, 51, 126, 227, 184, 252, 224, 49]
6.846[63, 57, 184, 286, 205, 255, 227, 48]
6.867[61, 53, 178, 258, 191, 225, 203, 42]
6.884[67, 57, 166, 245, 177, 212, 191, 43]
6.905[62, 55, 175, 254, 162, 177, 170, 42]
6.927[60, 54, 180, 259, 171, 189, 151, 41]
6.945[49, 46, 123, 191, 145, 198, 148, 43]
6.965[57, 47, 146, 189, 142, 195, 142, 44]
6.988[50, 40, 152, 182, 125, 182, 135, 41]
7.005[50, 40, 144, 171, 135, 198, 134, 36]
7.026[52, 44, 147, 170, 124, 214, 114, 34]
7.048[52, 45, 175, 184, 120, 202, 106, 32]
7.064[44, 44, 161, 182, 120, 256, 119, 32]
7.093[40, 45, 149, 177, 126, 269, 132, 35]
7.108[51, 47, 144, 176, 115, 252, 137, 35]
7.124[49, 51, 166, 169, 117, 240, 139, 33]
7.145[53, 52, 133, 118, 124, 246, 145, 34]
7.17[54, 52, 127, 107, 136, 188, 133, 31]
7.184[55, 50, 147, 114, 137, 178, 119, 30]
7.206[45, 51, 149, 101, 138, 178, 110, 31]
7.227[45, 44, 122, 133, 156, 194, 104, 30]
7.244[40, 38, 122, 163, 149, 188, 103, 27]
7.265[52, 40, 130, 165, 130, 200, 110, 34]
7.287[51, 42, 118, 171, 124, 194, 110, 33]
7.305[49, 44, 116, 178, 125, 211, 106, 31]
7.325[49, 47, 108, 152, 104, 203, 110, 34]
7.347[50, 48, 114, 125, 96, 198, 105, 36]
7.364[38, 48, 105, 127, 113, 190, 104, 30]
7.387[38, 51, 95, 115, 114, 196, 114, 32]
7.408[42, 54, 117, 147, 117, 176, 111, 30]
7.424[55, 55, 123, 157, 106, 156, 107, 31]
7.445[55, 58, 109, 150, 104, 156, 114, 29]
7.468[53, 58, 139, 153, 87, 184, 120, 29]
7.484[54, 59, 145, 159, 89, 189, 110, 29]
7.513[60, 51, 131, 134, 95, 232, 146, 33]
7.527[50, 48, 126, 119, 103, 275, 176, 33]
7.544[50, 49, 134, 120, 107, 286, 177, 33]
7.565[48, 46, 94, 108, 124, 303, 183, 36]
7.587[46, 41, 84, 112, 130, 302, 183, 35]
7.605[35, 41, 91, 93, 121, 292, 159, 32]
7.626[34, 42, 115, 91, 113, 241, 121, 29]
7.647[38, 41, 107, 103, 127, 233, 120, 29]
7.671[44, 40, 109, 103, 109, 212, 104, 30]
7.686[47, 43, 111, 85, 95, 210, 107, 30]
7.707[50, 53, 157, 93, 103, 184, 117, 33]
7.73[49, 52, 146, 98, 103, 182, 121, 34]
7.745[46, 48, 144, 84, 83, 186, 117, 34]
7.767[40, 49, 155, 87, 83, 152, 110, 31]
7.79[36, 48, 162, 87, 89, 140, 116, 29]
7.805[31, 36, 109, 90, 84, 154, 99, 24]
7.827[31, 32, 100, 91, 85, 157, 108, 25]
7.85[31, 36, 102, 88, 80, 147, 103, 25]
7.865[32, 37, 121, 88, 87, 143, 110, 25]
7.888[33, 38, 115, 98, 89, 164, 117, 27]
7.91[32, 43, 126, 88, 80, 150, 121, 27]
7.925[33, 45, 142, 85, 79, 166, 120, 30]
7.947[32, 43, 140, 87, 86, 179, 124, 31]
7.97[31, 41, 113, 80, 78, 190, 127, 34]
7.985[33, 37, 108, 69, 72, 198, 123, 33]
8.008[30, 31, 106, 72, 79, 208, 128, 33]
8.03[31, 34, 92, 89, 82, 200, 127, 31]
8.046[33, 37, 93, 91, 77, 183, 120, 29]
8.069[34, 36, 98, 97, 79, 192, 118, 28]
8.09[31, 39, 128, 129, 105, 184, 111, 27]
8.105[34, 42, 123, 137, 106, 173, 107, 28]
8.127[34, 39, 116, 130, 112, 201, 129, 29]
8.15[35, 53, 113, 128, 114, 219, 139, 32]
8.165[37, 57, 106, 124, 109, 212, 136, 30]
8.187[39, 57, 103, 96, 86, 212, 141, 32]
8.21[41, 56, 100, 106, 101, 211, 140, 34]
8.226[40, 56, 104, 105, 97, 220, 125, 35]
8.248[36, 43, 122, 105, 93, 198, 114, 31]
8.271[35, 38, 124, 106, 105, 217, 114, 31]
8.285[33, 34, 96, 102, 113, 221, 115, 31]
8.307[33, 34, 93, 86, 99, 220, 120, 28]
8.33[34, 35, 90, 88, 106, 196, 112, 26]
8.354[36, 35, 82, 85, 110, 210, 111, 25]
8.367[35, 35, 80, 85, 102, 196, 117, 32]
8.39[35, 37, 86, 112, 108, 181, 107, 30]
8.405[31, 35, 96, 125, 112, 176, 93, 30]
8.427[27, 36, 106, 135, 110, 211, 101, 31]
8.452[27, 34, 97, 142, 110, 201, 103, 33]
8.465[25, 34, 99, 176, 116, 185, 84, 25]
8.489[28, 43, 142, 242, 131, 182, 79, 26]
8.51[28, 48, 178, 284, 144, 184, 80, 28]
8.525[28, 51, 185, 293, 142, 107, 50, 28]
8.547[27, 51, 192, 311, 152, 95, 42, 27]
8.57[29, 54, 228, 316, 152, 77, 38, 28]
8.593[27, 72, 255, 315, 155, 65, 37, 29]
8.609[28, 69, 268, 316, 161, 59, 33, 27]
8.63[39, 97, 337, 323, 164, 59, 37, 27]
8.653[40, 117, 347, 311, 156, 57, 37, 25]
8.667[43, 150, 326, 294, 151, 55, 36, 25]
8.69[53, 185, 290, 296, 144, 57, 36, 23]
8.713[54, 211, 274, 264, 127, 55, 35, 24]
8.736[49, 210, 192, 296, 134, 61, 35, 24]
8.75[49, 203, 202, 339, 153, 66, 38, 26]
8.773[46, 185, 248, 348, 153, 68, 39, 27]
8.787[41, 160, 277, 311, 140, 63, 39, 27]
8.81[52, 173, 342, 332, 135, 57, 36, 25]
8.832[54, 184, 392, 290, 119, 49, 34, 26]
8.848[55, 192, 444, 234, 89, 40, 32, 27]
8.871[61, 205, 423, 230, 92, 39, 33, 27]
8.893[60, 195, 463, 241, 84, 33, 31, 25]
8.908[63, 178, 428, 188, 76, 35, 35, 28]
8.93[60, 160, 466, 218, 79, 35, 32, 27]
8.953[60, 152, 404, 218, 80, 35, 32, 26]
8.968[53, 131, 407, 209, 77, 35, 31, 25]
8.99[51, 129, 365, 186, 68, 36, 28, 29]
9.013[35, 144, 476, 184, 68, 37, 29, 33]
9.028[38, 148, 408, 137, 59, 36, 30, 33]
9.05[35, 143, 411, 132, 56, 35, 28, 34]
9.073[34, 141, 425, 113, 48, 31, 27, 35]
9.088[32, 141, 442, 126, 50, 28, 27, 34]
9.11[29, 97, 368, 138, 49, 28, 22, 28]
9.133[24, 106, 368, 139, 52, 29, 24, 26]
9.147[23, 114, 376, 136, 52, 30, 25, 24]
9.17[25, 111, 362, 152, 59, 33, 25, 23]
9.192[26, 104, 327, 133, 57, 34, 26, 21]
9.207[26, 105, 260, 134, 56, 35, 28, 23]
9.23[26, 82, 282, 185, 74, 40, 30, 24]
9.253[26, 70, 276, 197, 81, 41, 31, 25]
9.277[26, 73, 285, 191, 75, 39, 31, 25]
9.291[26, 73, 284, 184, 75, 39, 30, 25]
9.314[24, 67, 319, 186, 79, 36, 30, 25]
9.327[24, 71, 287, 140, 63, 31, 25, 24]
9.35[26, 110, 293, 117, 52, 28, 22, 23]
9.373[26, 112, 283, 106, 50, 29, 24, 23]
9.388[25, 111, 276, 108, 50, 29, 26, 23]
9.41[26, 108, 250, 118, 52, 33, 25, 22]
9.433[26, 107, 276, 138, 56, 33, 26, 22]
9.448[23, 67, 260, 145, 57, 32, 26, 23]
9.47[25, 69, 270, 147, 58, 34, 24, 24]
9.493[24, 89, 269, 173, 59, 33, 22, 23]
9.508[22, 131, 251, 211, 61, 29, 23, 22]
9.53[21, 135, 257, 217, 57, 29, 21, 24]
9.553[21, 144, 282, 214, 58, 29, 21, 24]
9.576[19, 141, 273, 213, 58, 27, 23, 23]
9.59[21, 135, 293, 192, 59, 29, 23, 22]
9.613[24, 111, 304, 144, 51, 29, 21, 24]
9.636[25, 107, 276, 137, 51, 29, 23, 23]
9.65[27, 98, 272, 151, 55, 31, 25, 21]
9.672[28, 96, 273, 158, 59, 30, 25, 22]
9.697[26, 91, 252, 162, 59, 29, 24, 23]
9.71[25, 71, 283, 148, 56, 29, 25, 23]
9.733[24, 72, 315, 167, 57, 29, 28, 23]
9.756[22, 66, 310, 168, 53, 28, 27, 25]
9.77[22, 69, 333, 172, 52, 30, 25, 25]
9.792[20, 73, 342, 172, 50, 30, 26, 26]
9.816[20, 72, 317, 183, 60, 33, 27, 25]
9.83[19, 75, 274, 147, 56, 35, 24, 24]
9.853[18, 86, 287, 143, 57, 36, 23, 23]
9.876[21, 86, 260, 133, 57, 34, 25, 23]
9.89[23, 85, 259, 140, 59, 33, 24, 22]
9.915[25, 104, 255, 137, 55, 30, 25, 23]
9.935[24, 99, 267, 140, 59, 28, 23, 20]
9.95[25, 89, 241, 129, 57, 27, 27, 19]
9.973[23, 85, 248, 132, 55, 29, 27, 19]
9.996[24, 84, 232, 151, 64, 32, 30, 22]
10.01[22, 58, 205, 149, 66, 34, 30, 22]
10.033[25, 52, 204, 147, 65, 34, 31, 25]
10.056[24, 51, 197, 144, 64, 32, 28, 26]
10.07[27, 76, 238, 155, 70, 31, 27, 28]
10.095[26, 72, 247, 134, 61, 32, 26, 28]
10.116[25, 73, 244, 130, 54, 30, 23, 27]
10.131[27, 79, 272, 131, 55, 31, 25, 27]
10.153[26, 80, 277, 137, 60, 34, 26, 25]
10.176[23, 70, 235, 130, 55, 36, 26, 23]
10.191[22, 76, 232, 155, 62, 35, 25, 21]
10.213[23, 92, 293, 158, 68, 36, 26, 23]
10.236[20, 89, 273, 156, 69, 36, 25, 20]
10.25[21, 87, 269, 175, 79, 37, 27, 22]
10.273[22, 78, 266, 172, 80, 36, 29, 22]
10.296[22, 79, 287, 244, 103, 40, 29, 23]
10.312[21, 58, 233, 252, 105, 42, 29, 21]
10.333[23, 73, 253, 249, 104, 43, 31, 21]
10.357[22, 75, 257, 234, 95, 40, 28, 21]
10.37[22, 76, 251, 242, 99, 42, 27, 22]
10.394[24, 85, 253, 160, 76, 37, 27, 21]
10.416[24, 86, 246, 139, 70, 36, 28, 21]
10.43[21, 82, 249, 161, 75, 34, 27, 22]
10.453[21, 88, 262, 167, 77, 33, 27, 22]
10.476[22, 89, 281, 181, 85, 34, 26, 22]
10.498[22, 80, 258, 172, 78, 34, 24, 23]
10.513[23, 81, 264, 176, 80, 32, 24, 24]
10.535[24, 89, 315, 173, 76, 36, 24, 26]
10.558[26, 103, 356, 177, 77, 37, 24, 24]
10.574[24, 101, 343, 142, 59, 34, 25, 25]
10.595[23, 101, 354, 197, 82, 38, 25, 23]
10.618[23, 101, 353, 245, 105, 45, 23, 24]
10.633[21, 83, 267, 242, 105, 42, 21, 21]
10.656[23, 63, 181, 245, 104, 41, 23, 27]
10.678[25, 64, 175, 250, 104, 41, 23, 26]
10.693[28, 65, 143, 249, 109, 45, 27, 27]
10.716[27, 60, 131, 203, 88, 38, 27, 25]
10.738[28, 60, 182, 206, 87, 38, 28, 27]
10.755[27, 57, 206, 205, 88, 41, 28, 24]
10.776[29, 80, 293, 214, 93, 41, 26, 24]
10.798[26, 95, 325, 166, 66, 29, 24, 24]
10.813[27, 97, 331, 162, 65, 29, 24, 24]
10.836[27, 101, 354, 163, 70, 32, 24, 21]
10.858[26, 98, 342, 150, 70, 30, 24, 20]
10.873[24, 83, 304, 158, 72, 34, 29, 22]
10.896[25, 75, 315, 165, 73, 34, 27, 20]
10.918[25, 75, 321, 165, 74, 36, 27, 19]
10.933[26, 75, 278, 143, 65, 36, 27, 21]
10.956[25, 82, 289, 163, 69, 37, 27, 21]
10.979[27, 80, 295, 144, 63, 33, 23, 21]
10.992[27, 91, 388, 182, 77, 38, 25, 23]
11.016[27, 91, 381, 181, 76, 38, 24, 23]
11.038[27, 86, 371, 183, 76, 33, 23, 23]
11.054[29, 89, 364, 160, 67, 33, 24, 25]
11.076[31, 99, 361, 159, 69, 34, 26, 24]
11.098[31, 81, 215, 105, 50, 29, 27, 24]
11.112[30, 80, 207, 96, 47, 26, 27, 25]
11.136[29, 81, 217, 93, 47, 26, 28, 23]
11.158[29, 73, 217, 102, 52, 25, 26, 22]
11.173[26, 61, 197, 108, 50, 26, 24, 23]
11.196[24, 99, 280, 100, 50, 28, 24, 22]
11.218[24, 98, 282, 99, 49, 29, 24, 23]
11.233[23, 99, 281, 103, 49, 30, 24, 26]
11.256[21, 98, 284, 114, 52, 29, 24, 25]
11.279[24, 101, 282, 125, 54, 29, 25, 23]
11.292[23, 72, 215, 126, 55, 29, 23, 24]
11.316[24, 81, 246, 159, 68, 30, 22, 23]
11.338[25, 80, 241, 162, 72, 29, 21, 20]
11.352[27, 101, 320, 153, 67, 29, 20, 20]
11.376[25, 99, 316, 142, 62, 26, 21, 21]
11.398[25, 96, 297, 162, 65, 25, 21, 20]
11.421[29, 94, 288, 132, 53, 24, 22, 20]
11.436[34, 95, 296, 131, 51, 25, 23, 23]
11.458[32, 73, 200, 137, 52, 25, 21, 24]
11.481[32, 66, 192, 132, 56, 26, 19, 24]
11.496[31, 71, 201, 119, 55, 30, 21, 27]
11.518[26, 68, 201, 125, 56, 29, 19, 26]
11.541[22, 69, 194, 122, 54, 29, 22, 24]
11.563[23, 67, 190, 121, 55, 33, 24, 23]
11.578[22, 76, 193, 125, 54, 32, 26, 24]
11.601[24, 74, 178, 116, 55, 30, 26, 22]
11.616[25, 72, 150, 114, 53, 30, 29, 22]
11.64[23, 70, 154, 149, 64, 31, 28, 24]
11.66[22, 69, 174, 146, 62, 28, 29, 23]
11.677[23, 73, 226, 149, 63, 31, 32, 22]
11.698[22, 65, 239, 147, 62, 31, 30, 21]
11.721[24, 72, 250, 147, 61, 31, 29, 23]
11.735[26, 77, 263, 110, 51, 29, 26, 20]
11.759[25, 81, 265, 102, 49, 29, 26, 21]
11.78[25, 77, 250, 92, 43, 27, 22, 20]
11.796[24, 80, 239, 98, 43, 26, 25, 21]
11.817[23, 74, 231, 92, 44, 26, 25, 21]
11.84[22, 69, 214, 98, 46, 28, 27, 23]
11.865[23, 73, 208, 99, 46, 27, 26, 25]
11.878[23, 64, 176, 95, 47, 27, 26, 26]
11.901[24, 59, 183, 83, 45, 25, 23, 25]
11.918[24, 56, 175, 89, 45, 25, 23, 25]
11.939[25, 66, 203, 106, 50, 26, 23, 25]
11.96[23, 64, 257, 160, 56, 27, 23, 22]
11.976[22, 65, 250, 170, 59, 27, 23, 22]
11.997[22, 64, 239, 177, 60, 29, 24, 22]
12.02[21, 72, 285, 183, 60, 29, 23, 22]
12.036[18, 65, 285, 176, 53, 26, 24, 23]
12.057[20, 59, 242, 127, 46, 25, 25, 23]
12.081[21, 60, 250, 120, 43, 26, 24, 21]
12.096[19, 68, 310, 119, 41, 27, 25, 21]
12.117[20, 63, 285, 117, 48, 29, 28, 20]
12.14[20, 61, 264, 112, 50, 29, 26, 19]
12.162[19, 61, 253, 118, 54, 31, 27, 19]
12.177[19, 63, 312, 116, 55, 30, 26, 20]
12.2[21, 59, 290, 109, 52, 28, 26, 20]
12.216[22, 57, 284, 110, 44, 26, 25, 21]
12.237[24, 64, 299, 104, 45, 32, 26, 20]
12.26[24, 63, 319, 110, 43, 30, 26, 20]
12.282[23, 61, 270, 105, 40, 31, 26, 20]
12.297[25, 61, 230, 109, 40, 31, 25, 20]
12.32[24, 68, 220, 100, 42, 30, 25, 21]
12.337[23, 64, 219, 104, 42, 27, 24, 22]
12.358[25, 68, 184, 99, 38, 27, 21, 22]
12.38[26, 65, 171, 109, 42, 25, 24, 22]
12.402[24, 65, 190, 109, 42, 25, 23, 22]
12.417[23, 59, 192, 106, 40, 26, 22, 22]
12.44[22, 62, 204, 110, 40, 23, 22, 21]
12.462[20, 64, 214, 103, 41, 25, 23, 21]
12.477[21, 75, 222, 85, 38, 25, 21, 20]
12.5[23, 76, 235, 77, 37, 26, 24, 22]
12.522[24, 79, 237, 78, 39, 26, 24, 21]
12.538[23, 77, 218, 66, 40, 28, 24, 21]
12.56[24, 72, 207, 63, 38, 26, 24, 19]
12.583[25, 63, 195, 116, 44, 28, 25, 23]
12.597[22, 65, 165, 124, 49, 27, 23, 21]
12.62[22, 69, 164, 124, 50, 28, 23, 22]
12.642[23, 71, 201, 124, 51, 27, 25, 22]
12.657[23, 74, 234, 135, 54, 27, 25, 23]
12.68[23, 73, 237, 104, 52, 26, 24, 21]
12.703[22, 69, 241, 97, 48, 27, 27, 22]
12.718[21, 62, 252, 97, 45, 26, 29, 24]
12.742[22, 56, 217, 96, 42, 31, 31, 24]
12.762[21, 53, 187, 85, 40, 33, 32, 25]
12.779[20, 55, 193, 97, 37, 33, 32, 26]
12.8[22, 60, 188, 96, 36, 32, 29, 25]
12.831[22, 58, 179, 103, 47, 35, 29, 24]
12.837[21, 58, 178, 106, 50, 29, 29, 25]
12.86[23, 59, 173, 103, 52, 33, 38, 26]
12.882[23, 54, 147, 85, 56, 33, 42, 26]
12.897[22, 45, 145, 91, 58, 45, 45, 26]
12.922[23, 46, 119, 83, 54, 72, 51, 26]
12.942[23, 43, 112, 77, 64, 101, 59, 24]
12.959[22, 42, 119, 78, 96, 137, 78, 24]
12.98[23, 50, 140, 78, 101, 150, 79, 23]
13.003[24, 61, 182, 83, 101, 149, 80, 24]
13.017[24, 63, 181, 106, 105, 148, 80, 24]
13.04[26, 65, 188, 115, 100, 136, 76, 26]
13.071[26, 66, 186, 119, 77, 136, 71, 27]
13.077[33, 61, 188, 135, 80, 183, 79, 31]
13.1[32, 50, 149, 126, 95, 236, 95, 31]
13.122[45, 43, 153, 111, 106, 265, 105, 34]
13.138[59, 40, 140, 104, 121, 300, 113, 33]
13.16[65, 38, 145, 102, 134, 331, 118, 37]
13.183[69, 38, 124, 84, 168, 369, 157, 46]
13.198[77, 41, 105, 106, 166, 362, 158, 47]
13.22[72, 43, 92, 103, 178, 375, 168, 54]
13.242[64, 53, 96, 108, 170, 363, 175, 54]
13.257[70, 53, 80, 109, 186, 407, 179, 55]
13.28[84, 59, 78, 114, 203, 481, 225, 66]
13.303[82, 66, 76, 93, 202, 486, 237, 67]
13.325[91, 68, 76, 109, 196, 501, 254, 64]
13.34[103, 61, 76, 120, 204, 505, 255, 64]
13.363[103, 61, 75, 120, 184, 460, 255, 63]
13.387[90, 54, 64, 110, 127, 377, 213, 45]
13.4[91, 44, 62, 111, 129, 397, 206, 48]
13.424[103, 43, 93, 107, 127, 408, 213, 52]
13.445[101, 43, 88, 91, 148, 471, 249, 55]
13.46[102, 45, 89, 96, 188, 591, 299, 65]
13.482[104, 49, 92, 106, 201, 608, 293, 64]
13.505[104, 51, 96, 129, 218, 607, 305, 66]
13.52[96, 52, 71, 121, 226, 652, 300, 70]
13.542[92, 54, 72, 120, 212, 637, 294, 70]
13.567[98, 52, 77, 120, 184, 585, 254, 67]
13.58[103, 50, 75, 115, 200, 620, 277, 72]
13.603[108, 45, 72, 92, 191, 617, 268, 69]
13.625[103, 45, 69, 86, 185, 565, 278, 70]
13.641[101, 45, 63, 82, 181, 542, 267, 68]
13.662[87, 43, 54, 71, 171, 477, 252, 61]
13.685[82, 46, 60, 71, 160, 444, 254, 62]
13.7[106, 49, 58, 59, 149, 410, 246, 63]
13.722[107, 50, 53, 52, 130, 366, 205, 53]
13.753[109, 48, 56, 59, 133, 350, 210, 55]
13.76[124, 49, 69, 59, 131, 346, 231, 58]
13.784[127, 44, 66, 59, 111, 306, 231, 51]
13.805[102, 44, 68, 74, 126, 339, 238, 54]
13.82[101, 37, 66, 77, 144, 411, 258, 56]
13.842[100, 37, 68, 82, 143, 414, 249, 56]
13.865[80, 36, 81, 126, 178, 417, 232, 56]
13.88[75, 37, 89, 147, 182, 375, 202, 62]
13.902[70, 38, 99, 173, 210, 372, 199, 64]
13.925[77, 42, 110, 194, 219, 338, 209, 68]
13.941[68, 41, 117, 222, 228, 345, 199, 67]
13.97[67, 46, 118, 250, 230, 336, 212, 65]
13.985[64, 47, 122, 251, 226, 328, 200, 60]
14.002[69, 46, 118, 238, 195, 304, 198, 58]
14.023[57, 43, 109, 244, 185, 293, 200, 55]
14.045[72, 46, 111, 235, 188, 268, 197, 59]
14.06[90, 48, 160, 201, 157, 276, 193, 61]
14.082[88, 49, 187, 207, 162, 282, 199, 60]
14.105[82, 48, 187, 237, 179, 286, 198, 57]
14.12[96, 48, 196, 233, 180, 247, 158, 55]
14.142[95, 47, 203, 220, 168, 272, 167, 47]
14.165[94, 42, 158, 220, 162, 284, 162, 48]
14.181[99, 49, 127, 234, 171, 276, 166, 49]
14.202[101, 49, 132, 209, 153, 272, 154, 44]
14.226[91, 48, 136, 217, 158, 273, 161, 45]
14.24[82, 49, 140, 249, 189, 277, 176, 48]
14.263[66, 52, 146, 247, 204, 253, 162, 46]
14.285[73, 46, 138, 221, 190, 258, 154, 48]
14.308[73, 47, 146, 236, 189, 264, 158, 49]
14.322[76, 54, 140, 242, 221, 240, 151, 53]
14.345[77, 59, 139, 254, 222, 201, 122, 54]
14.368[79, 57, 140, 250, 215, 256, 129, 54]
14.382[68, 57, 158, 261, 223, 247, 125, 52]
14.405[74, 56, 145, 247, 227, 245, 118, 55]
14.428[79, 48, 142, 225, 183, 252, 116, 50]
14.444[84, 45, 186, 181, 150, 285, 107, 49]
14.465[94, 46, 181, 186, 158, 230, 107, 54]
14.488[96, 48, 179, 194, 148, 226, 102, 54]
14.502[91, 50, 191, 191, 142, 266, 102, 52]
14.526[94, 53, 192, 193, 146, 268, 100, 53]
14.548[91, 47, 152, 246, 158, 250, 103, 48]
14.562[85, 48, 160, 241, 140, 275, 108, 41]
14.585[85, 48, 173, 219, 144, 282, 108, 43]
14.608[85, 51, 163, 222, 150, 227, 114, 40]
14.623[76, 54, 174, 216, 142, 240, 130, 38]
14.645[78, 53, 156, 164, 127, 228, 147, 45]
14.668[81, 55, 146, 159, 133, 205, 139, 45]
14.684[83, 53, 110, 157, 124, 199, 137, 42]
14.705[100, 57, 121, 151, 114, 211, 139, 47]
14.73[121, 55, 93, 144, 114, 204, 133, 48]
14.742[127, 56, 89, 119, 112, 196, 113, 45]
14.774[126, 54, 85, 112, 109, 196, 129, 46]
14.788[130, 54, 87, 108, 111, 210, 133, 48]
14.802[121, 51, 66, 104, 103, 195, 126, 43]
14.825[115, 52, 91, 109, 103, 197, 120, 39]
14.848[108, 53, 95, 93, 91, 211, 140, 37]
14.863[104, 55, 101, 91, 94, 201, 134, 37]
14.885[99, 58, 161, 88, 97, 201, 136, 37]
14.909[109, 55, 170, 91, 106, 253, 140, 41]
14.922[100, 57, 162, 91, 105, 244, 137, 41]
14.945[99, 58, 163, 106, 110, 266, 125, 42]
14.968[100, 53, 164, 108, 103, 277, 119, 41]
14.982[105, 50, 106, 106, 99, 265, 111, 40]
15.013[98, 51, 90, 95, 85, 223, 109, 35]
15.029[92, 50, 86, 88, 90, 238, 112, 37]
15.042[107, 51, 118, 82, 83, 202, 108, 39]
15.066[107, 54, 120, 85, 93, 205, 110, 39]
15.088[101, 52, 121, 90, 100, 209, 117, 45]
15.102[99, 57, 132, 87, 102, 215, 130, 43]
15.125[100, 56, 132, 91, 101, 218, 136, 42]
15.148[102, 51, 107, 87, 104, 210, 129, 39]
15.162[100, 51, 102, 81, 101, 207, 125, 38]
15.185[95, 49, 98, 75, 89, 202, 123, 32]
15.208[89, 44, 73, 72, 84, 183, 104, 32]
15.231[82, 41, 67, 57, 75, 147, 84, 30]
15.245[87, 55, 76, 54, 79, 180, 101, 30]
15.268[91, 61, 82, 56, 69, 176, 109, 30]
15.291[95, 70, 95, 76, 82, 175, 110, 28]
15.305[94, 69, 125, 102, 96, 189, 114, 29]
15.328[114, 69, 127, 111, 104, 221, 131, 32]
15.353[94, 66, 118, 111, 97, 194, 122, 33]
15.365[95, 62, 115, 120, 104, 178, 110, 31]
15.388[93, 54, 108, 123, 105, 197, 105, 32]
15.411[111, 55, 98, 113, 96, 187, 117, 37]
15.426[100, 58, 108, 110, 88, 219, 138, 37]
15.448[99, 50, 109, 121, 92, 218, 134, 36]
15.471[95, 48, 104, 122, 85, 217, 137, 36]
15.487[105, 50, 115, 110, 74, 217, 148, 37]
15.508[98, 48, 99, 101, 79, 224, 136, 34]
15.531[95, 45, 106, 97, 79, 159, 99, 34]
15.546[106, 46, 141, 83, 77, 186, 110, 39]
15.57[111, 44, 144, 77, 90, 227, 124, 42]
15.591[110, 45, 141, 97, 97, 218, 126, 43]
15.606[102, 44, 140, 99, 93, 224, 127, 44]
15.628[97, 45, 131, 110, 90, 229, 132, 41]
15.651[85, 45, 101, 117, 98, 221, 126, 37]
15.666[83, 45, 98, 122, 94, 190, 108, 38]
15.696[72, 39, 97, 111, 93, 210, 91, 36]
15.711[69, 39, 97, 115, 93, 275, 122, 34]
15.725[76, 41, 106, 109, 95, 277, 121, 36]
15.749[86, 41, 101, 112, 103, 276, 118, 36]
15.77[78, 43, 107, 103, 108, 285, 141, 33]
15.785[81, 43, 95, 96, 102, 263, 143, 34]
15.808[97, 51, 123, 110, 118, 203, 123, 37]
15.831[93, 51, 117, 105, 122, 204, 133, 39]
15.845[88, 49, 115, 98, 112, 190, 129, 39]
15.868[108, 50, 107, 93, 99, 166, 102, 36]
15.891[109, 52, 149, 96, 97, 163, 99, 35]
15.905[93, 45, 133, 108, 91, 173, 98, 34]
15.928[90, 42, 135, 117, 83, 180, 89, 30]
15.95[84, 42, 141, 117, 86, 193, 94, 30]
15.965[53, 43, 158, 143, 97, 190, 93, 30]
15.988[39, 38, 131, 155, 106, 197, 91, 28]
16.011[38, 43, 180, 157, 110, 163, 79, 28]
16.025[34, 42, 186, 184, 118, 139, 64, 27]
16.048[31, 46, 191, 251, 147, 128, 68, 27]
16.071[29, 43, 182, 268, 154, 128, 65, 26]
16.085[29, 49, 178, 268, 152, 109, 60, 26]
16.108[30, 49, 149, 264, 147, 99, 58, 24]
16.131[33, 59, 148, 264, 155, 98, 53, 27]
16.153[29, 72, 220, 217, 130, 63, 37, 27]
16.168[30, 90, 244, 217, 123, 53, 36, 29]
16.191[31, 93, 249, 225, 129, 56, 38, 29]
16.214[31, 100, 263, 243, 134, 53, 33, 32]
16.228[28, 100, 294, 270, 134, 53, 33, 30]
16.251[28, 106, 334, 262, 126, 48, 32, 32]
16.273[26, 100, 344, 234, 118, 47, 30, 30]
16.288[25, 105, 414, 267, 110, 40, 28, 30]
16.311[26, 104, 418, 300, 111, 42, 31, 27]
16.333[25, 102, 411, 300, 111, 48, 36, 27]
16.349[26, 100, 365, 317, 114, 47, 35, 25]
16.371[28, 96, 373, 319, 120, 51, 37, 27]
16.394[28, 92, 311, 315, 128, 52, 37, 26]
16.417[28, 97, 346, 279, 121, 51, 34, 26]
16.43[38, 104, 402, 265, 112, 48, 32, 27]
16.453[40, 90, 400, 254, 117, 50, 31, 26]
16.468[39, 89, 393, 249, 112, 47, 30, 25]
16.49[41, 105, 518, 229, 102, 46, 30, 26]
16.513[42, 119, 551, 224, 98, 43, 29, 26]
16.528[34, 120, 529, 187, 88, 38, 27, 27]
16.55[35, 118, 532, 165, 77, 40, 34, 32]
16.573[38, 120, 537, 186, 75, 38, 34, 32]
16.588[37, 102, 424, 186, 68, 38, 33, 33]
16.611[33, 78, 348, 169, 63, 38, 33, 32]
16.634[32, 69, 346, 173, 60, 39, 32, 31]
16.647[27, 75, 349, 176, 54, 32, 24, 25]
16.67[24, 78, 355, 182, 62, 36, 27, 29]
16.693[25, 81, 338, 155, 62, 37, 26, 27]
16.707[26, 75, 324, 158, 72, 36, 28, 28]
16.731[28, 81, 299, 152, 71, 34, 28, 28]
16.752[30, 81, 270, 148, 70, 34, 30, 29]
16.776[29, 79, 258, 135, 65, 30, 26, 25]
16.792[28, 84, 341, 147, 68, 26, 27, 24]
16.813[27, 86, 354, 158, 61, 25, 25, 23]
16.835[26, 92, 368, 182, 63, 30, 26, 23]
16.851[24, 91, 372, 188, 68, 31, 28, 23]
16.88[26, 88, 366, 176, 69, 33, 28, 23]
16.889[24, 79, 303, 162, 64, 34, 28, 25]
16.911[26, 85, 304, 152, 65, 35, 29, 24]
16.933[25, 69, 306, 158, 67, 35, 31, 25]
16.956[26, 67, 347, 154, 62, 33, 28, 25]
16.971[25, 63, 329, 149, 56, 31, 30, 27]
16.993[26, 78, 333, 147, 60, 33, 32, 27]
17.01[25, 74, 317, 183, 64, 38, 36, 29]
17.032[26, 76, 284, 164, 62, 37, 34, 27]
17.053[28, 80, 315, 161, 65, 38, 34, 27]
17.069[28, 84, 318, 192, 73, 40, 33, 27]
17.091[27, 70, 297, 234, 69, 37, 30, 26]
17.112[25, 66, 311, 198, 60, 33, 26, 25]
17.135[25, 68, 319, 194, 62, 30, 25, 23]
17.151[23, 65, 266, 208, 67, 33, 27, 22]
17.173[23, 73, 283, 191, 59, 31, 27, 20]
17.195[23, 78, 299, 142, 60, 31, 26, 21]
17.211[23, 78, 274, 151, 60, 28, 27, 21]
17.232[25, 92, 308, 164, 54, 28, 26, 23]
17.257[26, 90, 316, 156, 49, 26, 25, 24]
17.27[25, 82, 294, 143, 45, 26, 26, 25]
17.293[27, 82, 318, 137, 45, 26, 26, 25]
17.315[27, 83, 340, 138, 46, 27, 26, 25]
17.337[25, 67, 319, 115, 48, 31, 28, 26]
17.352[24, 66, 292, 103, 45, 30, 25, 27]
17.375[26, 71, 330, 113, 46, 31, 23, 28]
17.391[26, 74, 296, 119, 46, 31, 26, 27]
17.412[26, 79, 307, 123, 50, 31, 25, 26]
17.435[29, 74, 288, 133, 52, 32, 24, 26]
17.45[28, 83, 326, 201, 61, 32, 28, 24]
17.473[29, 83, 314, 208, 67, 32, 28, 23]
17.495[27, 86, 337, 206, 68, 32, 27, 23]
17.51[28, 87, 333, 198, 62, 32, 27, 25]
17.532[24, 88, 348, 197, 61, 29, 27, 23]
17.555[23, 87, 342, 132, 55, 29, 25, 22]
17.57[21, 88, 328, 131, 49, 28, 25, 25]
17.592[23, 82, 315, 141, 56, 31, 26, 25]
17.615[23, 83, 323, 143, 61, 31, 28, 23]
17.631[23, 82, 314, 130, 60, 30, 26, 26]
17.652[27, 89, 301, 130, 58, 33, 26, 27]
17.675[28, 89, 293, 125, 62, 34, 26, 24]
17.691[27, 91, 306, 138, 65, 34, 27, 26]
17.712[27, 88, 276, 140, 64, 34, 26, 26]
17.735[29, 92, 284, 150, 69, 34, 26, 25]
17.75[28, 85, 272, 146, 68, 34, 26, 25]
17.772[25, 85, 290, 152, 70, 32, 25, 25]
17.795[27, 85, 273, 127, 59, 31, 25, 24]
17.81[27, 78, 264, 128, 60, 32, 24, 23]
17.832[28, 73, 238, 114, 52, 33, 28, 24]
17.856[25, 68, 210, 122, 55, 31, 27, 24]
17.87[27, 62, 198, 105, 52, 31, 28, 26]
17.893[24, 54, 182, 139, 55, 31, 25, 24]
17.915[23, 56, 187, 137, 52, 29, 24, 24]
17.93[24, 60, 205, 137, 53, 29, 24, 23]
17.952[24, 59, 243, 126, 51, 31, 27, 22]
17.975[25, 69, 231, 133, 55, 33, 26, 21]
17.99[26, 77, 253, 99, 56, 34, 26, 22]
18.012[26, 83, 251, 108, 56, 33, 29, 21]
18.035[24, 86, 239, 110, 57, 32, 27, 25]
18.059[24, 90, 235, 123, 54, 33, 26, 25]
18.073[22, 93, 330, 150, 54, 30, 26, 26]
18.096[22, 91, 337, 156, 54, 29, 28, 25]
18.117[23, 85, 341, 147, 54, 29, 25, 26]
18.132[22, 87, 369, 148, 54, 32, 25, 23]
18.155[21, 84, 363, 149, 58, 28, 24, 22]
18.177[25, 77, 288, 123, 60, 31, 24, 21]
18.192[26, 74, 259, 120, 58, 33, 23, 20]
18.215[25, 74, 260, 134, 59, 36, 24, 19]
18.238[24, 63, 239, 143, 59, 36, 24, 17]
18.252[25, 68, 263, 135, 56, 34, 25, 18]
18.275[21, 71, 263, 150, 55, 35, 25, 18]
18.298[21, 76, 284, 155, 57, 32, 24, 19]
18.312[21, 84, 338, 156, 62, 33, 24, 19]
18.335[22, 88, 352, 147, 65, 32, 25, 20]
18.357[23, 80, 325, 149, 63, 33, 26, 20]
18.372[23, 79, 334, 118, 56, 29, 24, 21]
18.395[22, 77, 356, 111, 56, 31, 26, 23]
18.425[22, 69, 302, 102, 52, 30, 26, 22]
18.432[23, 61, 265, 107, 50, 30, 25, 25]
18.456[21, 61, 273, 99, 50, 31, 25, 26]
18.478[21, 58, 269, 102, 49, 32, 26, 25]
18.493[21, 53, 209, 92, 44, 30, 25, 25]
18.515[21, 58, 217, 102, 42, 29, 24, 25]
18.538[20, 64, 225, 144, 49, 33, 25, 22]
18.553[20, 68, 212, 166, 60, 39, 28, 23]
18.575[19, 65, 211, 178, 67, 41, 29, 24]
18.597[19, 68, 229, 189, 68, 41, 30, 26]
18.612[19, 67, 225, 207, 72, 42, 31, 25]
18.635[19, 70, 222, 176, 67, 38, 33, 28]
18.657[21, 73, 224, 157, 61, 35, 31, 27]
18.673[22, 76, 238, 149, 54, 33, 30, 28]
18.697[24, 72, 228, 138, 56, 33, 28, 28]
18.717[24, 71, 232, 100, 53, 33, 28, 29]
18.733[25, 67, 229, 96, 51, 34, 25, 26]
18.755[24, 64, 234, 90, 47, 31, 24, 26]
18.777[25, 66, 266, 85, 50, 31, 25, 25]
18.792[24, 69, 279, 176, 62, 36, 29, 25]
18.815[24, 67, 272, 175, 59, 34, 29, 24]
18.837[23, 71, 301, 179, 59, 33, 28, 23]
18.853[25, 66, 299, 182, 63, 36, 31, 24]
18.875[26, 64, 251, 194, 63, 35, 30, 24]
18.897[26, 62, 223, 120, 59, 30, 28, 23]
18.912[27, 73, 251, 125, 61, 29, 28, 24]
18.936[28, 72, 220, 128, 62, 30, 28, 25]
18.957[26, 74, 206, 140, 64, 29, 25, 23]
18.98[25, 71, 209, 162, 72, 34, 29, 24]
18.995[23, 75, 227, 159, 64, 33, 28, 21]
19.017[20, 68, 251, 161, 61, 36, 29, 21]
19.041[20, 63, 248, 155, 61, 36, 30, 19]
19.055[21, 63, 251, 142, 56, 35, 29, 18]
19.077[22, 62, 249, 88, 45, 33, 28, 18]
19.101[23, 54, 240, 103, 51, 34, 30, 21]
19.117[24, 55, 217, 99, 56, 34, 29, 21]
19.137[25, 58, 221, 100, 57, 32, 27, 21]
19.162[24, 57, 221, 102, 63, 33, 27, 24]
19.174[24, 64, 243, 107, 65, 32, 25, 26]
19.197[27, 69, 255, 91, 58, 30, 27, 25]
19.22[28, 71, 222, 95, 57, 29, 26, 27]
19.234[28, 67, 215, 89, 55, 31, 27, 28]
19.257[27, 74, 222, 87, 53, 30, 29, 30]
19.28[27, 71, 219, 95, 47, 28, 29, 27]
19.304[24, 73, 219, 93, 50, 29, 27, 27]
19.317[21, 65, 223, 80, 45, 29, 29, 23]
19.341[21, 71, 248, 85, 49, 35, 32, 25]
19.355[25, 65, 259, 134, 62, 36, 33, 24]
19.377[25, 62, 234, 142, 66, 37, 33, 25]
19.401[24, 62, 254, 150, 67, 39, 34, 25]
19.415[27, 69, 318, 154, 70, 40, 32, 24]
19.437[25, 64, 296, 156, 68, 35, 30, 23]
19.46[20, 69, 283, 126, 53, 32, 28, 20]
19.475[20, 70, 275, 108, 50, 33, 26, 20]
19.497[24, 68, 280, 109, 52, 32, 26, 21]
19.52[22, 65, 238, 104, 55, 33, 27, 24]
19.543[23, 66, 238, 129, 58, 34, 27, 24]
19.557[24, 60, 235, 122, 61, 39, 26, 26]
19.581[25, 57, 239, 121, 59, 36, 26, 27]
19.595[25, 56, 193, 116, 54, 35, 26, 26]
19.617[24, 79, 261, 116, 52, 33, 24, 23]
19.64[26, 84, 268, 83, 52, 33, 25, 24]
19.655[26, 86, 288, 80, 46, 27, 24, 24]
19.677[25, 94, 320, 76, 47, 27, 25, 23]
19.701[22, 97, 356, 81, 53, 29, 25, 22]
19.715[22, 77, 284, 85, 51, 32, 27, 24]
19.738[21, 76, 286, 81, 43, 29, 26, 23]
19.761[20, 75, 290, 77, 43, 31, 26, 22]
19.775[21, 71, 278, 78, 43, 33, 25, 23]
19.797[22, 61, 223, 80, 47, 38, 29, 24]
19.82[21, 60, 257, 80, 48, 36, 29, 24]
19.835[21, 57, 251, 84, 50, 36, 29, 24]
19.857[23, 70, 274, 83, 53, 36, 31, 23]
19.881[21, 64, 281, 93, 52, 34, 30, 25]
19.895[23, 66, 312, 106, 52, 28, 27, 24]
19.918[25, 69, 284, 104, 52, 29, 27, 23]
19.941[25, 67, 285, 108, 53, 32, 28, 24]
19.963[23, 52, 235, 109, 56, 33, 29, 26]
19.978[23, 58, 223, 119, 64, 37, 29, 24]
20.0[22, 56, 200, 104, 60, 38, 30, 26]
20.023[24, 60, 203, 119, 69, 40, 29, 26]
20.037[24, 62, 195, 120, 75, 44, 33, 30]
20.06[28, 61, 198, 120, 73, 43, 33, 28]
20.083[29, 56, 182, 107, 66, 40, 33, 29]
20.098[28, 62, 196, 102, 65, 38, 32, 28]
20.12[27, 65, 226, 89, 57, 33, 30, 27]
20.144[27, 67, 228, 87, 53, 27, 28, 23]
20.157[24, 80, 256, 88, 53, 26, 26, 24]
20.181[24, 81, 245, 83, 54, 29, 28, 25]
20.203[24, 74, 210, 81, 56, 33, 31, 23]
20.218[23, 65, 175, 74, 55, 34, 32, 25]
20.241[22, 61, 169, 68, 54, 35, 31, 25]
20.263[21, 41, 108, 60, 55, 74, 35, 22]
20.277[19, 32, 90, 60, 58, 76, 37, 22]
20.301[21, 30, 91, 76, 55, 94, 44, 25]
20.323[24, 28, 64, 73, 74, 192, 79, 24]
20.337[26, 25, 51, 77, 85, 219, 87, 28]
20.362[41, 27, 46, 81, 97, 219, 89, 31]
20.383[45, 29, 53, 81, 106, 244, 89, 31]
20.397[64, 31, 55, 86, 149, 311, 111, 33]
20.421[67, 43, 60, 89, 156, 296, 112, 40]
20.444[72, 48, 72, 111, 179, 304, 139, 43]
20.465[83, 48, 76, 118, 204, 348, 165, 44]
20.48[109, 72, 103, 128, 225, 363, 217, 58]
20.503[112, 74, 131, 232, 235, 401, 252, 62]
20.517[111, 72, 138, 250, 231, 411, 258, 64]
20.54[126, 77, 134, 247, 237, 480, 300, 75]
20.563[137, 78, 132, 245, 216, 459, 291, 78]
20.579[121, 56, 109, 240, 190, 440, 260, 69]
20.6[117, 53, 77, 146, 147, 370, 224, 67]
20.623[121, 51, 65, 114, 143, 348, 221, 64]
20.638[108, 39, 63, 105, 107, 308, 149, 51]
20.66[89, 45, 66, 108, 109, 312, 159, 48]
20.683[97, 48, 70, 114, 143, 368, 176, 56]
20.697[106, 55, 106, 102, 175, 430, 197, 58]
20.721[107, 58, 118, 102, 185, 491, 190, 58]
20.743[106, 57, 141, 98, 200, 520, 249, 64]
20.757[101, 55, 142, 94, 198, 514, 257, 66]
20.781[89, 54, 150, 90, 183, 498, 259, 65]
20.803[100, 52, 129, 95, 169, 446, 246, 69]
20.818[110, 57, 149, 138, 195, 489, 272, 72]
20.841[117, 60, 191, 144, 182, 420, 219, 67]
20.869[128, 60, 202, 149, 207, 544, 311, 72]
20.886[135, 63, 209, 156, 207, 532, 307, 69]
20.901[115, 56, 207, 150, 198, 530, 302, 62]
20.923[113, 50, 188, 110, 182, 494, 324, 64]
20.945[122, 48, 128, 103, 181, 486, 326, 67]
20.961[111, 50, 106, 97, 165, 392, 247, 65]
20.983[105, 45, 76, 92, 165, 407, 250, 62]
21.005[116, 46, 78, 89, 166, 428, 266, 63]
21.021[112, 48, 108, 90, 145, 355, 213, 59]
21.043[94, 49, 103, 83, 137, 363, 205, 55]
21.067[112, 44, 103, 76, 128, 316, 195, 52]
21.081[129, 45, 102, 74, 133, 316, 184, 60]
21.103[123, 48, 101, 78, 128, 292, 166, 57]
21.125[121, 45, 66, 84, 133, 310, 186, 61]
21.14[123, 44, 65, 87, 141, 333, 208, 65]
21.163[117, 44, 64, 90, 137, 356, 193, 60]
21.186[118, 44, 66, 93, 128, 338, 193, 52]
21.202[114, 40, 77, 91, 124, 330, 195, 51]
21.223[110, 38, 72, 82, 117, 306, 174, 48]
21.246[116, 38, 74, 82, 109, 275, 155, 45]
21.261[110, 39, 77, 80, 103, 265, 164, 47]
21.284[90, 38, 74, 75, 98, 266, 158, 46]
21.305[87, 39, 74, 159, 128, 264, 154, 48]
21.321[98, 40, 78, 172, 137, 285, 163, 45]
21.343[93, 39, 79, 175, 153, 286, 160, 42]
21.365[91, 42, 93, 175, 150, 309, 166, 40]
21.38[89, 47, 96, 180, 157, 313, 171, 46]
21.403[101, 47, 89, 113, 139, 331, 176, 48]
21.426[95, 49, 89, 89, 129, 319, 169, 45]
21.44[88, 48, 86, 84, 113, 312, 164, 47]
21.463[87, 51, 69, 90, 127, 296, 158, 52]
21.485[102, 48, 66, 80, 130, 319, 186, 47]
21.5[98, 46, 60, 78, 130, 304, 176, 43]
21.523[90, 47, 54, 77, 133, 304, 185, 43]
21.546[95, 50, 57, 86, 140, 299, 184, 52]
21.56[102, 45, 53, 80, 140, 328, 190, 57]
21.583[111, 44, 50, 77, 132, 308, 157, 61]
21.605[114, 44, 51, 78, 129, 315, 160, 61]
21.62[124, 43, 52, 84, 130, 329, 148, 68]
21.643[131, 40, 49, 76, 129, 347, 156, 61]
21.666[123, 45, 50, 76, 115, 295, 132, 52]
21.681[119, 46, 49, 72, 112, 275, 130, 53]
21.704[107, 47, 48, 69, 116, 311, 139, 52]
21.74[110, 43, 43, 59, 107, 293, 135, 41]
21.747[98, 46, 45, 59, 94, 273, 121, 40]
21.764[118, 44, 42, 59, 90, 278, 129, 40]
21.785[111, 44, 41, 58, 95, 299, 150, 37]
21.807[121, 45, 44, 63, 107, 290, 161, 44]
21.824[117, 47, 43, 62, 104, 294, 162, 45]
21.845[126, 43, 37, 56, 102, 298, 166, 47]
21.867[122, 43, 38, 56, 115, 313, 166, 47]
21.885[122, 39, 36, 59, 116, 306, 145, 47]
21.905[122, 38, 31, 54, 102, 301, 139, 47]
21.927[119, 37, 41, 62, 147, 390, 180, 52]
21.943[109, 35, 41, 57, 149, 389, 179, 51]
21.964[98, 34, 41, 56, 141, 361, 171, 51]
21.987[94, 38, 44, 61, 139, 352, 179, 47]
22.004[96, 36, 45, 63, 137, 324, 172, 42]
22.025[111, 41, 38, 56, 89, 182, 125, 38]
22.047[113, 42, 37, 58, 83, 195, 133, 38]
22.064[125, 41, 37, 53, 86, 216, 135, 37]
22.085[121, 41, 39, 52, 88, 223, 135, 41]
22.107[116, 44, 41, 55, 92, 240, 137, 42]
22.124[98, 43, 43, 61, 96, 251, 139, 42]
22.145[103, 44, 49, 61, 93, 239, 135, 40]
22.176[95, 45, 49, 60, 88, 280, 142, 42]
22.184[101, 45, 46, 55, 87, 268, 137, 41]
22.205[95, 41, 42, 48, 83, 253, 132, 41]
22.227[110, 42, 43, 42, 78, 257, 134, 38]
22.244[106, 44, 40, 46, 79, 244, 123, 42]
22.264[98, 44, 37, 48, 88, 249, 156, 41]
22.287[91, 40, 38, 49, 87, 255, 154, 39]
22.304[93, 41, 41, 51, 83, 255, 149, 36]
22.325[88, 39, 40, 53, 86, 238, 145, 36]
22.347[86, 36, 38, 50, 85, 265, 157, 33]
22.363[88, 36, 41, 51, 79, 210, 110, 31]
22.385[88, 36, 41, 48, 72, 202, 101, 29]
22.407[95, 37, 39, 47, 85, 234, 104, 29]
22.424[84, 36, 39, 42, 82, 253, 129, 31]
22.445[106, 32, 40, 45, 83, 230, 129, 30]
22.467[106, 32, 37, 45, 77, 217, 133, 31]
22.484[111, 34, 38, 47, 78, 232, 141, 29]
22.505[117, 36, 38, 45, 67, 220, 149, 43]
22.529[128, 34, 35, 45, 73, 222, 134, 42]
22.545[112, 37, 33, 45, 70, 224, 123, 44]
22.566[109, 41, 35, 44, 84, 252, 153, 46]
22.587[119, 40, 33, 42, 96, 239, 154, 52]
22.604[104, 37, 33, 44, 94, 214, 156, 42]
22.625[94, 38, 33, 43, 88, 203, 167, 41]
22.655[91, 39, 36, 44, 107, 247, 194, 41]
22.662[98, 34, 37, 43, 101, 219, 173, 39]
22.685[85, 38, 43, 48, 101, 239, 182, 38]
22.707[86, 39, 44, 49, 108, 243, 170, 38]
22.722[80, 40, 46, 51, 109, 241, 155, 38]
22.746[90, 39, 45, 49, 94, 219, 122, 36]
22.767[98, 41, 44, 52, 99, 279, 129, 37]
22.791[91, 40, 39, 47, 102, 301, 113, 34]
22.804[96, 43, 40, 47, 93, 293, 112, 34]
22.829[105, 41, 39, 46, 96, 314, 121, 36]
22.849[105, 41, 40, 48, 94, 311, 122, 36]
22.872[97, 42, 37, 47, 90, 265, 110, 36]
22.887[105, 41, 40, 45, 72, 243, 107, 38]
22.91[108, 38, 42, 49, 78, 289, 161, 39]
22.925[110, 40, 41, 48, 74, 262, 157, 40]
22.947[104, 38, 40, 47, 72, 241, 151, 38]
22.972[98, 38, 47, 54, 75, 246, 156, 37]
22.985[102, 35, 45, 54, 72, 227, 156, 36]
23.007[106, 38, 46, 53, 76, 182, 100, 35]
23.029[103, 42, 50, 54, 73, 178, 91, 33]
23.045[101, 42, 49, 51, 78, 227, 107, 35]
23.067[104, 42, 44, 41, 72, 221, 107, 34]
23.09[108, 43, 44, 42, 75, 232, 110, 31]
23.105[95, 37, 40, 38, 66, 231, 112, 29]
23.127[84, 35, 38, 42, 70, 244, 118, 28]
23.15[94, 35, 37, 46, 75, 219, 113, 36]
23.166[97, 33, 37, 47, 79, 214, 108, 37]
23.187[88, 31, 33, 48, 75, 209, 99, 36]
23.21[91, 32, 32, 50, 77, 221, 100, 38]
23.225[97, 29, 31, 46, 74, 218, 106, 41]
23.247[86, 28, 33, 43, 69, 214, 105, 31]
23.27[78, 29, 32, 40, 70, 255, 120, 31]
23.285[63, 29, 33, 39, 75, 251, 121, 32]
23.307[59, 28, 32, 40, 73, 235, 121, 31]
23.338[44, 30, 35, 49, 76, 227, 108, 26]
23.345[37, 28, 36, 79, 79, 210, 103, 27]
23.367[32, 27, 44, 94, 91, 158, 77, 26]
23.391[28, 27, 48, 106, 97, 141, 71, 25]
23.405[25, 28, 55, 115, 96, 117, 56, 25]
23.427[23, 29, 78, 124, 98, 101, 51, 23]
23.45[23, 32, 97, 137, 96, 92, 42, 23]
23.465[21, 31, 100, 163, 86, 66, 37, 21]
23.487[23, 33, 113, 192, 86, 52, 34, 20]
23.51[22, 40, 123, 207, 103, 50, 37, 22]
23.525[22, 41, 121, 218, 101, 46, 36, 22]
23.547[23, 51, 177, 298, 142, 57, 41, 28]
23.571[28, 71, 207, 298, 144, 58, 39, 28]
23.584[32, 98, 237, 300, 144, 57, 37, 28]
23.608[36, 102, 248, 305, 141, 54, 33, 29]
23.63[37, 108, 260, 315, 153, 60, 36, 35]
23.644[37, 114, 246, 233, 115, 47, 28, 31]
23.667[37, 115, 287, 220, 109, 44, 28, 32]
23.69[33, 97, 314, 219, 106, 43, 30, 32]
23.705[29, 98, 329, 224, 95, 38, 31, 31]
23.727[29, 102, 358, 216, 81, 31, 26, 24]
23.75[30, 102, 415, 227, 79, 31, 27, 26]
23.772[30, 139, 386, 232, 78, 32, 29, 23]
23.787[32, 145, 362, 210, 73, 32, 28, 24]
23.81[36, 156, 457, 188, 76, 37, 30, 22]
23.833[36, 155, 431, 161, 66, 36, 30, 23]
23.847[36, 155, 410, 135, 60, 36, 31, 25]
23.87[34, 125, 437, 158, 58, 36, 29, 26]
23.892[31, 122, 425, 155, 57, 39, 33, 26]
23.907[27, 126, 414, 158, 50, 38, 32, 27]
23.93[29, 130, 482, 180, 52, 38, 34, 28]
23.953[29, 127, 460, 182, 52, 37, 33, 23]
23.967[26, 117, 464, 147, 53, 36, 34, 22]
23.99[30, 122, 499, 149, 48, 31, 29, 25]
24.012[29, 100, 413, 155, 49, 29, 28, 23]
24.029[28, 98, 390, 184, 56, 29, 25, 24]
24.05[27, 94, 386, 182, 59, 31, 28, 26]
24.074[29, 102, 358, 184, 58, 29, 26, 26]
24.087[26, 102, 347, 192, 61, 32, 29, 23]
24.11[27, 105, 377, 180, 64, 34, 29, 25]
24.132[30, 109, 363, 132, 54, 32, 29, 23]
24.147[27, 106, 351, 139, 58, 32, 27, 24]
24.17[26, 100, 351, 152, 60, 33, 26, 24]
24.193[26, 95, 365, 133, 57, 32, 27, 26]
24.209[25, 99, 350, 131, 54, 28, 24, 25]
24.229[21, 89, 323, 134, 57, 31, 22, 25]
24.262[27, 96, 411, 143, 62, 33, 23, 23]
24.267[30, 108, 407, 129, 58, 33, 24, 24]
24.299[35, 112, 400, 163, 67, 33, 21, 20]
24.312[34, 99, 391, 160, 65, 32, 24, 20]
24.327[34, 95, 382, 157, 61, 30, 26, 20]
24.349[32, 95, 287, 146, 51, 27, 26, 19]
24.372[28, 86, 278, 148, 56, 26, 25, 21]
24.387[22, 77, 291, 137, 49, 26, 26, 21]
24.41[26, 82, 295, 153, 48, 27, 23, 20]
24.433[27, 82, 284, 148, 52, 27, 23, 19]
24.448[26, 71, 281, 153, 51, 27, 22, 19]
24.47[27, 71, 297, 162, 52, 25, 22, 21]
24.493[27, 83, 247, 143, 51, 26, 20, 22]
24.508[24, 80, 233, 129, 57, 27, 21, 23]
24.53[23, 86, 243, 126, 53, 26, 20, 23]
24.553[24, 93, 283, 120, 54, 29, 22, 23]
24.567[24, 88, 270, 124, 54, 33, 22, 24]
24.59[22, 73, 276, 139, 59, 31, 23, 22]
24.613[24, 90, 287, 144, 55, 29, 21, 22]
24.627[23, 93, 299, 144, 58, 32, 25, 24]
24.651[22, 89, 269, 143, 58, 30, 25, 23]
24.673[23, 88, 284, 124, 52, 26, 23, 20]
24.697[25, 86, 260, 113, 45, 26, 25, 22]
24.71[25, 72, 264, 103, 45, 28, 26, 21]
24.734[26, 62, 241, 104, 50, 26, 24, 21]
24.755[28, 60, 218, 107, 49, 26, 23, 21]
24.77[27, 70, 191, 120, 47, 27, 27, 22]
24.793[29, 80, 222, 119, 49, 30, 26, 22]
24.815[28, 80, 222, 115, 46, 28, 26, 24]
24.83[27, 80, 238, 118, 42, 29, 27, 24]
24.853[25, 81, 264, 113, 43, 29, 27, 24]
24.877[24, 73, 254, 102, 50, 32, 24, 24]
24.889[21, 65, 262, 107, 54, 32, 23, 22]
24.913[22, 64, 248, 112, 56, 33, 23, 20]
24.935[23, 68, 247, 118, 57, 34, 23, 20]
24.95[23, 66, 230, 118, 55, 33, 23, 22]
24.973[26, 69, 264, 139, 54, 32, 26, 23]
24.995[25, 71, 231, 131, 49, 29, 27, 23]
25.009[25, 78, 254, 130, 46, 28, 27, 27]
25.033[26, 75, 239, 123, 40, 25, 26, 27]
25.055[26, 78, 244, 121, 44, 28, 26, 25]
25.07[24, 74, 218, 99, 38, 25, 23, 24]
25.094[25, 70, 227, 126, 41, 23, 22, 25]
25.116[24, 57, 193, 145, 53, 26, 22, 22]
25.131[23, 57, 203, 148, 58, 29, 22, 22]
25.154[25, 55, 199, 151, 57, 29, 22, 22]
25.176[25, 55, 195, 141, 57, 31, 23, 23]
25.19[25, 62, 218, 153, 74, 36, 26, 22]
25.213[26, 61, 213, 141, 69, 35, 25, 22]
25.235[25, 62, 209, 138, 70, 34, 28, 20]
25.249[24, 63, 209, 144, 68, 32, 28, 23]
25.273[23, 69, 215, 151, 71, 31, 29, 21]
25.295[23, 82, 249, 117, 55, 28, 28, 21]
25.31[23, 92, 277, 110, 52, 29, 28, 22]
25.335[28, 103, 303, 111, 47, 27, 25, 24]
25.355[28, 103, 310, 113, 49, 28, 26, 23]
25.372[30, 103, 327, 106, 47, 28, 28, 25]
25.393[31, 88, 281, 93, 41, 25, 28, 25]
25.415[31, 79, 254, 108, 46, 26, 29, 25]
25.429[27, 66, 252, 111, 52, 27, 28, 26]
25.453[28, 81, 299, 101, 54, 29, 26, 26]
25.483[27, 79, 292, 101, 50, 29, 25, 25]
25.49[26, 76, 285, 115, 58, 30, 23, 25]
25.513[24, 96, 324, 99, 53, 28, 22, 24]
25.535[25, 96, 322, 93, 48, 27, 24, 21]
25.55[22, 83, 263, 97, 48, 25, 23, 19]
25.573[21, 97, 306, 101, 47, 23, 20, 20]
25.596[20, 104, 327, 89, 40, 24, 22, 20]
25.618[21, 91, 297, 92, 40, 28, 23, 22]
25.633[22, 85, 272, 93, 46, 29, 23, 22]
25.656[23, 89, 292, 90, 46, 33, 24, 22]
25.678[19, 74, 247, 89, 49, 34, 25, 22]
25.693[20, 70, 223, 93, 49, 33, 25, 23]
25.715[21, 71, 208, 93, 52, 31, 23, 22]
25.738[20, 73, 205, 94, 50, 32, 24, 21]
25.753[20, 69, 179, 101, 49, 28, 25, 20]
25.775[21, 72, 143, 102, 50, 27, 25, 20]
25.798[21, 69, 148, 101, 54, 29, 26, 21]
25.813[21, 64, 171, 97, 51, 28, 28, 24]
25.835[19, 67, 204, 96, 48, 26, 26, 23]
25.858[19, 74, 226, 96, 48, 29, 26, 25]
25.872[20, 69, 232, 99, 50, 29, 26, 25]
25.895[19, 71, 236, 97, 45, 29, 26, 24]
25.918[18, 72, 250, 98, 50, 29, 25, 22]
25.933[20, 72, 224, 96, 52, 29, 27, 23]
25.957[23, 61, 202, 92, 56, 28, 29, 22]
25.978[22, 64, 189, 80, 52, 26, 29, 23]
25.994[22, 65, 196, 84, 53, 24, 27, 22]
26.015[25, 62, 180, 88, 49, 23, 26, 23]
26.038[25, 72, 255, 147, 57, 24, 25, 23]
26.053[21, 80, 284, 164, 59, 26, 23, 24]
26.075[23, 80, 304, 170, 59, 27, 22, 22]
26.098[24, 77, 292, 168, 59, 28, 23, 22]
26.112[22, 80, 280, 165, 58, 28, 23, 20]
26.136[22, 67, 226, 120, 52, 27, 25, 22]
26.158[23, 59, 188, 90, 49, 26, 25, 21]
26.172[23, 54, 154, 85, 49, 26, 24, 22]
26.195[25, 62, 166, 84, 50, 26, 24, 22]
26.218[24, 56, 172, 81, 52, 25, 24, 22]
26.232[24, 57, 143, 89, 56, 29, 25, 21]
26.255[23, 57, 148, 90, 55, 30, 23, 21]
26.278[21, 60, 171, 111, 57, 29, 25, 20]
26.292[18, 56, 180, 112, 56, 30, 25, 21]
26.315[18, 72, 222, 115, 55, 31, 27, 22]
26.338[18, 69, 230, 107, 49, 27, 24, 20]
26.353[19, 65, 225, 131, 55, 27, 25, 22]
26.375[23, 67, 231, 115, 52, 29, 26, 22]
26.398[23, 62, 232, 116, 51, 29, 25, 22]
26.412[24, 50, 191, 118, 55, 30, 24, 19]
26.435[23, 52, 203, 121, 56, 33, 25, 21]
26.458[22, 56, 208, 92, 47, 34, 24, 21]
26.472[20, 64, 259, 92, 54, 33, 24, 20]
26.495[22, 64, 248, 95, 58, 36, 24, 21]
26.518[19, 67, 254, 102, 54, 35, 24, 23]
26.532[22, 70, 255, 104, 50, 32, 24, 23]
26.556[25, 83, 303, 107, 52, 30, 25, 23]
26.579[25, 74, 246, 105, 44, 31, 24, 23]
26.6[25, 76, 258, 105, 39, 27, 25, 25]
26.616[26, 73, 253, 98, 39, 29, 26, 25]
26.638[24, 76, 243, 92, 40, 30, 27, 25]
26.66[23, 67, 203, 91, 37, 28, 25, 24]
26.676[22, 69, 205, 83, 32, 28, 24, 25]
26.697[22, 68, 184, 98, 45, 31, 27, 23]
26.719[21, 66, 177, 110, 47, 32, 25, 22]
26.736[24, 61, 182, 112, 47, 30, 25, 20]
26.757[23, 53, 148, 113, 54, 32, 25, 22]
26.779[23, 47, 136, 115, 57, 31, 27, 23]
26.796[24, 51, 148, 99, 48, 28, 23, 23]
26.817[24, 50, 163, 85, 46, 24, 23, 22]
26.839[23, 52, 154, 77, 47, 28, 25, 23]
26.856[24, 56, 182, 71, 40, 29, 25, 23]
26.877[24, 62, 180, 72, 36, 27, 26, 22]
26.899[22, 58, 205, 72, 35, 28, 27, 24]
26.916[22, 58, 204, 72, 37, 30, 27, 24]
26.944[23, 54, 201, 74, 38, 29, 25, 23]
26.961[20, 51, 179, 102, 38, 26, 26, 25]
26.976[19, 46, 180, 114, 40, 26, 24, 24]
26.997[21, 46, 164, 118, 43, 28, 23, 22]
27.02[23, 70, 210, 115, 41, 26, 23, 22]
27.037[21, 79, 228, 123, 43, 30, 24, 22]
27.057[23, 79, 244, 118, 49, 33, 25, 19]
27.08[24, 80, 252, 104, 46, 34, 25, 19]
27.096[22, 82, 247, 131, 67, 35, 28, 21]
27.117[20, 79, 259, 143, 73, 35, 27, 22]
27.139[20, 75, 261, 138, 74, 34, 28, 23]
27.156[23, 82, 275, 123, 69, 32, 26, 23]
27.177[22, 81, 269, 129, 71, 32, 25, 22]
27.2[23, 81, 277, 94, 51, 29, 22, 22]
27.216[23, 66, 218, 81, 46, 28, 22, 21]
27.237[22, 63, 214, 90, 44, 27, 20, 19]
27.262[19, 57, 176, 91, 45, 26, 22, 20]
27.276[20, 57, 197, 89, 48, 26, 23, 22]
27.297[20, 53, 196, 93, 49, 28, 26, 21]
27.319[22, 54, 202, 116, 52, 30, 25, 21]
27.336[25, 62, 214, 110, 53, 31, 25, 22]
27.357[24, 64, 232, 117, 56, 31, 26, 21]
27.379[24, 69, 223, 112, 52, 30, 28, 20]
27.396[24, 71, 217, 125, 54, 28, 26, 22]
27.417[26, 70, 218, 100, 48, 26, 26, 22]
27.44[24, 65, 230, 95, 45, 25, 24, 21]
27.457[25, 60, 218, 85, 41, 24, 25, 20]
27.479[23, 54, 214, 88, 42, 28, 23, 21]
27.499[22, 57, 219, 70, 36, 30, 23, 20]
27.522[20, 54, 215, 69, 38, 30, 24, 20]
27.537[19, 47, 189, 68, 37, 31, 24, 20]
27.56[17, 51, 208, 91, 43, 32, 24, 19]
27.582[20, 52, 213, 100, 41, 29, 23, 20]
27.597[20, 52, 222, 100, 43, 28, 25, 20]
27.619[20, 58, 230, 108, 43, 29, 25, 21]
27.642[23, 67, 242, 113, 48, 30, 27, 22]
27.658[24, 64, 256, 102, 42, 28, 26, 23]
27.679[22, 63, 258, 106, 45, 30, 25, 21]
27.702[22, 59, 243, 108, 46, 29, 26, 21]
27.717[21, 57, 267, 97, 45, 29, 25, 22]
27.739[19, 49, 249, 93, 43, 29, 26, 20]
27.762[19, 53, 210, 100, 48, 32, 27, 20]
27.777[22, 52, 204, 98, 46, 31, 28, 21]
27.799[22, 52, 211, 94, 44, 32, 27, 21]
27.822[23, 50, 182, 96, 43, 32, 26, 20]
27.838[23, 52, 232, 120, 44, 34, 26, 20]
27.859[22, 49, 230, 117, 41, 30, 24, 20]
27.882[20, 47, 227, 108, 41, 29, 23, 19]
27.897[20, 52, 231, 108, 38, 27, 24, 21]
27.921[20, 50, 221, 109, 39, 27, 24, 21]
27.942[19, 55, 192, 89, 35, 23, 24, 20]
27.957[20, 74, 227, 88, 33, 24, 25, 20]
27.979[21, 75, 218, 88, 36, 24, 25, 21]
28.002[24, 71, 195, 86, 37, 23, 24, 21]
28.017[25, 74, 222, 83, 37, 23, 24, 21]
28.04[24, 70, 193, 76, 42, 25, 24, 22]
28.062[24, 54, 159, 81, 42, 26, 23, 25]
28.078[24, 52, 164, 79, 38, 27, 23, 24]
28.099[21, 59, 178, 82, 39, 28, 22, 22]
28.124[20, 55, 150, 82, 37, 27, 22, 22]
28.145[20, 56, 161, 81, 30, 26, 21, 24]
28.159[21, 56, 206, 69, 28, 24, 20, 22]
28.182[23, 62, 206, 72, 29, 24, 20, 22]
28.197[23, 60, 203, 73, 31, 25, 21, 21]
28.219[25, 66, 211, 84, 38, 26, 21, 21]
28.242[25, 66, 236, 109, 44, 25, 22, 18]
28.257[25, 63, 219, 130, 49, 26, 25, 20]
28.28[22, 57, 221, 128, 49, 24, 26, 19]
28.302[22, 53, 240, 128, 50, 26, 25, 21]
28.318[18, 49, 249, 121, 47, 26, 24, 21]
28.34[20, 54, 233, 114, 47, 26, 22, 21]
28.363[17, 49, 214, 90, 47, 26, 22, 21]
28.378[17, 50, 212, 91, 49, 28, 23, 22]
28.399[19, 57, 192, 97, 47, 25, 22, 22]
28.422[23, 61, 222, 106, 48, 25, 22, 23]
28.437[22, 63, 233, 91, 44, 25, 22, 24]
28.459[23, 67, 232, 86, 41, 25, 20, 22]
28.482[23, 69, 231, 84, 40, 25, 21, 22]
28.505[21, 62, 241, 85, 41, 28, 21, 23]
28.521[18, 56, 196, 81, 45, 27, 21, 22]
28.542[19, 52, 173, 77, 43, 26, 20, 20]
28.565[20, 48, 171, 82, 43, 26, 20, 22]
28.579[21, 52, 220, 92, 43, 26, 21, 21]
28.61[21, 62, 211, 104, 43, 24, 20, 20]
28.625[22, 64, 211, 104, 38, 25, 20, 21]
28.639[21, 68, 241, 110, 45, 27, 23, 22]
28.662[21, 73, 272, 110, 55, 27, 24, 22]
28.693[20, 72, 251, 117, 58, 30, 23, 23]
28.699[21, 66, 244, 99, 55, 29, 24, 22]
28.722[22, 66, 241, 91, 55, 29, 26, 22]
28.745[22, 60, 218, 92, 55, 32, 26, 23]
28.759[21, 64, 189, 93, 50, 33, 25, 21]
28.782[22, 62, 161, 80, 45, 30, 24, 22]
28.805[19, 64, 182, 81, 46, 32, 24, 23]
28.819[21, 79, 258, 80, 46, 31, 23, 24]
28.842[23, 81, 266, 75, 39, 27, 22, 25]
28.865[25, 76, 269, 86, 31, 27, 24, 25]
28.879[24, 74, 269, 78, 28, 25, 24, 24]
28.902[27, 78, 274, 93, 41, 30, 25, 26]
28.924[24, 59, 212, 105, 44, 30, 25, 25]
28.94[24, 58, 199, 125, 56, 32, 25, 23]
28.963[24, 57, 193, 123, 57, 31, 24, 23]
28.985[26, 60, 199, 132, 63, 33, 23, 22]
29.001[23, 56, 208, 121, 57, 28, 22, 19]
29.022[22, 64, 211, 118, 55, 29, 22, 22]
29.044[22, 62, 198, 97, 44, 27, 23, 21]
29.068[20, 61, 203, 92, 42, 28, 23, 21]
29.082[20, 65, 214, 91, 39, 27, 24, 23]
29.105[21, 62, 198, 98, 40, 27, 23, 22]
29.119[23, 64, 234, 100, 38, 27, 23, 20]
29.144[23, 70, 260, 117, 40, 28, 22, 23]
29.165[23, 74, 286, 120, 46, 27, 24, 23]
29.18[22, 73, 290, 120, 51, 27, 25, 22]
29.202[22, 72, 281, 117, 50, 29, 24, 23]
29.225[20, 62, 244, 131, 61, 28, 26, 22]
29.24[20, 56, 237, 117, 61, 26, 25, 18]
29.262[20, 50, 204, 109, 58, 26, 23, 18]
29.285[19, 47, 184, 101, 52, 28, 23, 17]
29.3[19, 46, 194, 99, 50, 30, 23, 18]
29.322[20, 50, 193, 73, 38, 31, 22, 19]
29.344[21, 49, 167, 70, 35, 31, 26, 21]
29.36[22, 50, 153, 77, 39, 31, 26, 23]
29.382[23, 48, 159, 87, 43, 28, 25, 24]
29.405[23, 45, 137, 90, 46, 24, 26, 22]
29.429[21, 44, 162, 96, 47, 23, 26, 21]
29.442[20, 47, 179, 97, 46, 22, 22, 20]
29.465[17, 45, 186, 87, 42, 21, 22, 18]
29.488[15, 45, 177, 72, 36, 19, 23, 17]
29.502[17, 45, 171, 77, 35, 24, 25, 22]
29.525[18, 46, 147, 82, 37, 22, 23, 24]
29.548[20, 45, 136, 86, 40, 27, 25, 25]
29.563[22, 43, 117, 89, 42, 28, 24, 26]
29.584[22, 42, 111, 95, 45, 30, 24, 25]
29.608[22, 48, 156, 104, 46, 27, 22, 23]
29.622[22, 47, 165, 105, 47, 29, 23, 24]
29.645[20, 48, 192, 112, 46, 27, 23, 21]
29.668[21, 48, 195, 115, 48, 26, 24, 21]
29.682[23, 47, 205, 112, 45, 26, 24, 22]
29.704[24, 47, 195, 112, 46, 27, 25, 20]
29.728[25, 47, 191, 100, 40, 26, 24, 18]
29.742[26, 46, 169, 90, 40, 23, 22, 19]
29.764[25, 50, 169, 89, 39, 25, 23, 21]
29.788[23, 54, 176, 94, 45, 25, 21, 21]
29.813[21, 52, 158, 74, 43, 23, 20, 21]
29.824[19, 59, 175, 74, 44, 22, 20, 22]
29.849[19, 57, 184, 97, 51, 28, 23, 23]
29.862[19, 55, 202, 99, 50, 26, 23, 24]
29.885[20, 68, 221, 94, 46, 26, 22, 24]
29.908[21, 69, 230, 97, 46, 28, 23, 26]
29.922[22, 61, 212, 96, 46, 30, 22, 27]
29.945[22, 65, 214, 80, 37, 26, 21, 24]
29.968[21, 65, 199, 76, 37, 29, 22, 22]
29.983[21, 50, 185, 86, 43, 30, 21, 23]
30.005[21, 47, 176, 85, 49, 30, 23, 21]
30.036[21, 55, 197, 82, 49, 29, 24, 20]
30.044[21, 49, 181, 76, 50, 28, 23, 19]
30.066[22, 54, 183, 73, 47, 26, 23, 21]
30.088[20, 57, 172, 62, 44, 26, 25, 20]
30.102[21, 62, 196, 66, 37, 24, 23, 20]
30.125[22, 60, 195, 73, 38, 25, 22, 21]
30.147[22, 68, 210, 76, 37, 26, 24, 23]
30.162[21, 64, 222, 76, 44, 26, 24, 21]
30.185[21, 62, 215, 79, 40, 25, 23, 22]
30.208[21, 58, 214, 79, 41, 28, 25, 22]
30.223[21, 80, 247, 79, 40, 27, 25, 21]
30.245[21, 77, 237, 81, 42, 27, 24, 21]
30.268[22, 78, 224, 88, 38, 26, 24, 22]
30.282[23, 76, 232, 84, 38, 27, 24, 21]
30.305[23, 75, 220, 88, 38, 23, 25, 20]
30.328[22, 46, 165, 86, 40, 24, 24, 19]
30.35[22, 40, 156, 82, 39, 24, 22, 20]
30.365[21, 41, 167, 79, 41, 24, 23, 20]
30.388[22, 44, 181, 83, 42, 26, 24, 21]
30.411[21, 52, 190, 93, 47, 27, 22, 24]
30.425[21, 62, 231, 103, 48, 26, 22, 24]
30.448[21, 61, 226, 104, 50, 25, 23, 23]
30.47[21, 66, 238, 101, 49, 25, 23, 23]
30.488[20, 66, 219, 105, 48, 21, 25, 22]
30.508[20, 62, 201, 91, 43, 19, 24, 19]
30.53[21, 50, 148, 84, 45, 26, 25, 19]
30.548[21, 53, 168, 94, 46, 27, 27, 19]
30.568[22, 46, 137, 97, 46, 28, 26, 20]
30.59[21, 45, 142, 84, 45, 28, 24, 21]
30.605[21, 42, 140, 84, 45, 29, 24, 19]
30.628[19, 44, 158, 77, 41, 23, 23, 23]
30.65[19, 43, 145, 72, 38, 22, 21, 22]
30.665