[33, 25, 30, 32, 29, 28, 30, 26]
0.628[33, 25, 30, 32, 29, 28, 30, 26]
0.651[32, 24, 30, 32, 31, 30, 30, 26]
0.673[30, 22, 23, 28, 27, 26, 26, 22]
0.688[27, 22, 22, 24, 24, 23, 26, 22]
0.718[22, 19, 23, 23, 25, 22, 24, 23]
0.733[21, 17, 23, 24, 25, 22, 25, 28]
0.749[24, 24, 26, 23, 28, 22, 26, 28]
0.771[32, 25, 27, 23, 28, 23, 27, 30]
0.793[30, 25, 27, 24, 29, 24, 28, 31]
0.815[30, 26, 26, 24, 28, 23, 27, 28]
0.831[30, 26, 25, 21, 26, 24, 25, 22]
0.853[28, 20, 19, 22, 21, 23, 21, 23]
0.868[23, 18, 21, 23, 22, 24, 20, 21]
0.892[24, 17, 18, 22, 21, 24, 19, 18]
0.913[26, 17, 18, 22, 22, 26, 21, 20]
0.929[27, 18, 18, 23, 23, 23, 21, 23]
0.95[28, 17, 19, 21, 23, 20, 23, 23]
0.973[24, 18, 19, 21, 20, 20, 24, 22]
0.995[24, 19, 20, 21, 21, 19, 24, 22]
1.011[23, 21, 20, 21, 21, 19, 23, 22]
1.033[23, 20, 21, 20, 20, 19, 22, 18]
1.048[24, 21, 23, 20, 21, 21, 19, 19]
1.07[22, 21, 21, 21, 21, 20, 21, 21]
1.093[22, 21, 21, 24, 22, 20, 21, 22]
1.109[22, 21, 21, 24, 22, 21, 20, 22]
1.13[24, 21, 21, 26, 23, 22, 22, 23]
1.154[22, 19, 19, 28, 22, 21, 22, 23]
1.168[26, 19, 20, 26, 23, 22, 20, 23]
1.198[26, 18, 20, 23, 23, 23, 22, 21]
1.213[29, 16, 20, 23, 21, 24, 22, 24]
1.228[26, 17, 20, 23, 19, 26, 22, 24]
1.252[27, 18, 21, 23, 22, 27, 24, 23]
1.273[25, 20, 20, 22, 21, 26, 23, 24]
1.288[25, 20, 22, 23, 22, 26, 22, 25]
1.311[24, 21, 20, 22, 24, 23, 21, 23]
1.333[25, 21, 22, 20, 25, 20, 20, 23]
1.348[24, 22, 23, 20, 24, 17, 19, 22]
1.37[24, 20, 24, 21, 24, 19, 21, 20]
1.393[25, 20, 22, 20, 21, 19, 20, 20]
1.408[22, 20, 23, 22, 19, 20, 22, 21]
1.438[22, 19, 23, 23, 19, 21, 23, 20]
1.453[22, 19, 20, 22, 21, 22, 23, 20]
1.475[23, 21, 22, 22, 22, 24, 21, 21]
1.491[23, 21, 21, 24, 23, 23, 23, 23]
1.513[25, 19, 21, 22, 23, 24, 23, 19]
1.535[25, 19, 20, 19, 23, 24, 21, 20]
1.558[25, 19, 21, 19, 21, 25, 23, 20]
1.574[26, 17, 19, 19, 20, 22, 26, 22]
1.595[25, 18, 20, 20, 22, 23, 25, 19]
1.618[24, 18, 20, 20, 23, 24, 24, 20]
1.633[24, 20, 22, 21, 22, 23, 24, 21]
1.655[24, 21, 22, 21, 23, 22, 25, 20]
1.678[24, 21, 22, 22, 23, 23, 21, 20]
1.693[23, 22, 25, 22, 24, 23, 21, 19]
1.715[22, 24, 27, 24, 25, 23, 21, 20]
1.739[23, 24, 25, 25, 25, 22, 21, 19]
1.753[26, 23, 26, 26, 25, 23, 20, 20]
1.776[25, 26, 25, 27, 27, 22, 22, 17]
1.799[25, 24, 23, 24, 23, 20, 23, 20]
1.813[28, 23, 23, 23, 23, 19, 23, 21]
1.835[32, 21, 22, 23, 22, 21, 22, 21]
1.859[30, 22, 23, 23, 21, 18, 23, 20]
1.873[31, 19, 24, 22, 18, 19, 21, 20]
1.895[30, 20, 23, 23, 19, 21, 19, 18]
1.919[32, 20, 21, 23, 19, 21, 20, 15]
1.933[26, 21, 23, 23, 21, 20, 21, 15]
1.958[26, 22, 22, 24, 22, 23, 19, 16]
1.979[25, 23, 22, 22, 21, 23, 20, 16]
2.002[28, 21, 22, 22, 23, 24, 20, 16]
2.015[26, 22, 22, 23, 22, 25, 20, 17]
2.039[26, 20, 21, 24, 20, 27, 20, 19]
2.061[25, 20, 20, 27, 21, 25, 19, 18]
2.075[26, 19, 19, 28, 23, 26, 19, 19]
2.098[24, 19, 18, 28, 21, 23, 22, 19]
2.121[23, 20, 21, 27, 23, 24, 21, 20]
2.135[23, 22, 21, 27, 24, 21, 21, 19]
2.159[25, 19, 22, 23, 22, 21, 22, 19]
2.182[23, 20, 23, 23, 21, 22, 21, 21]
2.204[23, 22, 25, 22, 21, 22, 19, 21]
2.219[28, 21, 24, 23, 20, 21, 17, 20]
2.241[28, 21, 27, 24, 20, 22, 18, 20]
2.256[30, 23, 26, 25, 19, 24, 16, 22]
2.279[30, 23, 25, 26, 23, 24, 18, 21]
2.301[31, 24, 24, 26, 23, 25, 18, 20]
2.315[27, 25, 23, 25, 23, 24, 20, 22]
2.339[29, 24, 18, 25, 24, 24, 21, 22]
2.361[28, 23, 22, 26, 27, 23, 22, 21]
2.375[27, 24, 24, 26, 25, 25, 22, 21]
2.399[25, 22, 25, 26, 28, 24, 20, 21]
2.421[26, 21, 27, 26, 27, 24, 20, 20]
2.436[26, 21, 27, 26, 28, 24, 19, 19]
2.459[23, 22, 24, 25, 27, 25, 20, 18]
2.482[28, 22, 24, 23, 26, 22, 21, 20]
2.495[30, 22, 23, 23, 24, 21, 22, 21]
2.519[30, 22, 23, 22, 25, 23, 22, 20]
2.541[28, 20, 22, 25, 24, 22, 21, 22]
2.555[29, 18, 22, 27, 23, 21, 20, 22]
2.579[29, 20, 22, 27, 24, 20, 19, 22]
2.601[26, 19, 21, 27, 24, 23, 21, 22]
2.617[26, 19, 20, 27, 22, 19, 21, 22]
2.639[25, 21, 20, 24, 23, 22, 20, 21]
2.662[27, 22, 20, 22, 27, 22, 22, 21]
2.675[22, 22, 21, 23, 28, 22, 23, 21]
2.7[24, 23, 21, 23, 29, 19, 23, 21]
2.722[24, 24, 22, 23, 30, 23, 23, 20]
2.735[27, 23, 22, 24, 29, 21, 23, 22]
2.759[25, 23, 24, 25, 27, 22, 26, 23]
2.781[25, 21, 25, 25, 27, 26, 24, 23]
2.795[24, 20, 24, 26, 25, 26, 22, 22]
2.819[25, 20, 24, 25, 26, 23, 24, 22]
2.842[23, 19, 25, 26, 26, 23, 24, 21]
2.856[23, 20, 24, 25, 26, 22, 19, 21]
2.879[27, 21, 22, 24, 24, 20, 21, 20]
2.903[26, 21, 25, 26, 25, 21, 21, 20]
2.924[29, 23, 24, 26, 25, 22, 19, 19]
2.939[28, 22, 23, 26, 24, 24, 20, 19]
2.961[32, 24, 26, 25, 23, 25, 21, 21]
2.984[29, 23, 26, 27, 26, 22, 18, 22]
2.999[30, 22, 24, 23, 24, 22, 19, 22]
3.021[30, 21, 25, 25, 24, 21, 19, 22]
3.045[30, 22, 24, 24, 25, 20, 21, 23]
3.059[26, 21, 21, 26, 25, 20, 22, 21]
3.082[25, 22, 20, 24, 25, 21, 24, 25]
3.103[27, 22, 18, 24, 25, 22, 24, 26]
3.119[25, 23, 20, 22, 23, 23, 24, 26]
3.141[25, 24, 21, 19, 23, 23, 26, 26]
3.164[26, 22, 20, 20, 24, 22, 25, 26]
3.179[28, 21, 23, 19, 21, 24, 25, 24]
3.201[27, 22, 25, 20, 22, 24, 24, 22]
3.224[27, 20, 23, 20, 23, 22, 26, 23]
3.239[27, 20, 23, 22, 24, 23, 24, 20]
3.261[29, 21, 24, 22, 22, 22, 23, 21]
3.284[28, 22, 21, 23, 24, 21, 23, 21]
3.299[27, 21, 19, 23, 24, 20, 22, 20]
3.321[27, 21, 19, 23, 25, 23, 21, 23]
3.344[30, 21, 22, 22, 24, 23, 19, 24]
3.36[25, 23, 23, 20, 24, 26, 21, 24]
3.381[25, 24, 23, 18, 23, 24, 20, 23]
3.403[26, 24, 26, 18, 24, 25, 21, 24]
3.418[27, 25, 25, 18, 23, 25, 20, 19]
3.443[25, 24, 25, 19, 27, 25, 20, 20]
3.464[25, 23, 23, 21, 28, 21, 19, 22]
3.479[25, 20, 25, 21, 27, 23, 19, 21]
3.501[27, 19, 23, 22, 26, 24, 17, 23]
3.525[25, 19, 24, 24, 27, 21, 18, 25]
3.538[25, 20, 23, 24, 23, 21, 19, 24]
3.561[25, 20, 24, 22, 22, 23, 19, 21]
3.584[28, 24, 22, 24, 22, 22, 20, 20]
3.598[24, 24, 25, 23, 23, 21, 20, 19]
3.621[26, 24, 26, 21, 22, 21, 19, 19]
3.644[25, 25, 25, 23, 21, 20, 20, 18]
3.659[29, 25, 24, 24, 24, 19, 19, 20]
3.681[27, 21, 26, 25, 24, 20, 21, 20]
3.704[28, 22, 24, 27, 24, 21, 23, 19]
3.718[27, 21, 23, 27, 24, 21, 22, 19]
3.749[29, 18, 25, 27, 24, 24, 22, 19]
3.763[24, 20, 24, 27, 21, 23, 24, 17]
3.778[22, 22, 21, 24, 22, 23, 23, 17]
3.801[26, 21, 23, 24, 21, 23, 21, 17]
3.823[27, 21, 22, 24, 21, 24, 24, 18]
3.846[25, 21, 22, 26, 24, 21, 22, 21]
3.861[27, 19, 22, 27, 25, 21, 22, 24]
3.884[31, 17, 25, 28, 24, 20, 22, 25]
3.906[30, 20, 23, 27, 27, 24, 24, 25]
3.921[30, 20, 24, 27, 27, 24, 22, 24]
3.943[29, 22, 25, 25, 25, 24, 22, 24]
3.966[31, 23, 24, 23, 25, 26, 21, 24]
3.982[27, 23, 23, 22, 25, 27, 20, 22]
4.003[25, 21, 22, 23, 23, 24, 19, 23]
4.027[23, 22, 23, 22, 24, 25, 21, 24]
4.042[25, 21, 21, 21, 23, 26, 22, 22]
4.064[24, 21, 22, 25, 25, 25, 24, 19]
4.085[25, 22, 26, 25, 27, 25, 25, 22]
4.102[25, 23, 27, 24, 26, 26, 24, 20]
4.123[29, 24, 44, 24, 26, 23, 22, 21]
4.145[28, 29, 49, 27, 29, 24, 22, 22]
4.169[26, 29, 51, 24, 26, 24, 21, 23]
4.183[26, 29, 50, 24, 24, 22, 21, 22]
4.213[27, 30, 52, 25, 25, 19, 22, 22]
4.222[24, 30, 52, 26, 26, 20, 23, 21]
4.243[26, 29, 54, 24, 23, 19, 22, 23]
4.266[25, 33, 99, 29, 25, 20, 24, 24]
4.282[26, 34, 126, 53, 32, 21, 22, 23]
4.303[25, 42, 164, 58, 37, 24, 25, 24]
4.326[29, 47, 175, 60, 36, 25, 24, 22]
4.342[27, 47, 176, 61, 36, 26, 25, 21]
4.371[29, 52, 202, 68, 37, 25, 22, 19]
4.386[29, 62, 242, 61, 37, 28, 24, 23]
4.402[29, 64, 270, 71, 32, 29, 23, 21]
4.423[25, 68, 281, 115, 49, 31, 24, 23]
4.445[27, 79, 317, 139, 58, 33, 26, 26]
4.462[27, 77, 340, 153, 64, 32, 26, 25]
4.483[29, 71, 325, 210, 75, 31, 27, 24]
4.506[34, 86, 345, 274, 96, 35, 26, 26]
4.522[48, 117, 450, 316, 107, 42, 31, 29]
4.543[54, 138, 524, 344, 113, 42, 30, 29]
4.566[76, 150, 597, 371, 131, 48, 33, 35]
4.582[79, 151, 616, 370, 134, 48, 31, 33]
4.603[80, 166, 673, 448, 145, 51, 36, 36]
4.625[76, 229, 741, 429, 141, 50, 40, 38]
4.642[93, 237, 856, 418, 140, 51, 43, 40]
4.663[95, 294, 1019, 461, 129, 53, 46, 51]
4.687[96, 312, 1116, 504, 135, 63, 52, 61]
4.702[93, 305, 1140, 464, 135, 65, 56, 66]
4.725[118, 354, 1192, 495, 141, 69, 56, 67]
4.745[130, 360, 1205, 557, 151, 74, 60, 68]
4.762[126, 332, 1115, 588, 161, 84, 69, 70]
4.783[127, 346, 1081, 636, 174, 82, 68, 65]
4.805[137, 377, 1177, 697, 183, 91, 74, 75]
4.828[129, 331, 1154, 724, 186, 94, 80, 84]
4.843[107, 326, 1113, 758, 202, 98, 80, 86]
4.865[137, 472, 1135, 829, 210, 99, 85, 97]
4.888[146, 514, 1172, 812, 215, 104, 91, 107]
4.905[150, 541, 1160, 797, 205, 97, 86, 104]
4.926[160, 587, 1233, 868, 217, 110, 94, 117]
4.948[163, 620, 1221, 865, 207, 104, 93, 116]
4.963[166, 541, 1256, 772, 204, 114, 100, 125]
4.987[180, 516, 1257, 775, 208, 125, 107, 133]
5.008[177, 514, 1166, 767, 207, 139, 124, 144]
5.023[162, 441, 1039, 717, 207, 129, 118, 133]
5.046[170, 408, 1044, 718, 205, 140, 126, 147]
5.068[161, 387, 973, 769, 242, 156, 135, 154]
5.084[164, 430, 1077, 803, 244, 155, 137, 156]
5.105[170, 423, 1126, 794, 256, 147, 125, 146]
5.128[175, 415, 1155, 849, 254, 145, 122, 146]
5.144[175, 419, 1158, 809, 258, 142, 118, 136]
5.165[173, 443, 1139, 864, 249, 119, 97, 115]
5.189[155, 374, 956, 788, 226, 105, 80, 98]
5.203[147, 321, 872, 759, 216, 106, 83, 98]
5.225[151, 331, 800, 710, 212, 110, 90, 105]
5.256[143, 401, 848, 784, 221, 106, 84, 100]
5.263[130, 373, 826, 684, 195, 96, 81, 96]
5.286[127, 368, 893, 701, 210, 101, 86, 97]
5.308[132, 365, 922, 715, 201, 105, 97, 110]
5.323[127, 372, 980, 741, 196, 110, 106, 122]
5.347[132, 270, 908, 673, 192, 117, 110, 127]
5.368[132, 258, 855, 662, 182, 113, 107, 124]
5.384[128, 250, 787, 718, 189, 110, 108, 127]
5.414[121, 266, 758, 694, 187, 104, 99, 115]
5.428[111, 247, 660, 584, 181, 97, 88, 98]
5.443[101, 241, 677, 614, 172, 93, 88, 95]
5.465[89, 229, 781, 626, 163, 92, 88, 93]
5.488[83, 221, 770, 559, 157, 97, 85, 84]
5.503[85, 231, 808, 649, 204, 103, 82, 82]
5.526[91, 219, 884, 762, 230, 106, 84, 83]
5.548[87, 209, 837, 732, 226, 102, 77, 77]
5.563[89, 200, 779, 774, 237, 105, 78, 78]
5.586[93, 219, 851, 827, 248, 114, 91, 93]
5.609[88, 215, 859, 812, 219, 101, 87, 89]
5.623[80, 212, 773, 790, 207, 95, 79, 79]
5.645[84, 217, 772, 824, 221, 100, 85, 85]
5.668[83, 215, 768, 820, 225, 100, 85, 86]
5.683[94, 211, 751, 798, 216, 91, 73, 80]
5.706[94, 187, 747, 786, 232, 98, 76, 85]
5.728[98, 197, 824, 763, 223, 101, 82, 93]
5.743[96, 198, 864, 739, 212, 95, 74, 90]
5.767[95, 214, 940, 704, 211, 99, 81, 95]
5.788[90, 209, 938, 645, 192, 89, 77, 89]
5.81[85, 199, 917, 609, 161, 81, 73, 82]
5.825[82, 188, 911, 557, 149, 74, 67, 77]
5.848[86, 194, 847, 509, 144, 82, 70, 78]
5.871[82, 171, 758, 486, 129, 71, 58, 70]
5.886[70, 156, 729, 568, 149, 74, 57, 65]
5.908[83, 182, 740, 613, 197, 96, 71, 76]
5.931[80, 205, 721, 601, 212, 106, 77, 74]
5.945[75, 212, 765, 604, 205, 100, 74, 70]
5.968[76, 211, 758, 703, 230, 108, 79, 73]
5.991[81, 216, 766, 680, 235, 112, 84, 81]
6.005[78, 209, 739, 678, 199, 93, 74, 74]
6.029[80, 193, 724, 679, 194, 85, 72, 76]
6.05[81, 170, 830, 706, 201, 84, 71, 76]
6.065[80, 168, 838, 616, 169, 80, 72, 75]
6.088[74, 178, 881, 581, 162, 80, 71, 71]
6.111[63, 170, 859, 541, 164, 82, 70, 67]
6.125[58, 158, 868, 522, 156, 77, 64, 64]
6.148[58, 171, 792, 489, 150, 78, 67, 69]
6.171[56, 168, 763, 430, 142, 71, 62, 65]
6.186[56, 146, 742, 448, 117, 57, 50, 57]
6.208[59, 145, 768, 471, 111, 53, 52, 59]
6.232[62, 164, 730, 451, 106, 54, 52, 55]
6.246[66, 145, 652, 413, 102, 49, 48, 49]
6.268[75, 175, 668, 443, 116, 61, 60, 60]
6.291[74, 175, 568, 479, 126, 65, 63, 62]
6.313[71, 168, 574, 445, 124, 64, 62, 60]
6.328[72, 188, 607, 497, 129, 74, 69, 66]
6.35[71, 214, 621, 519, 144, 77, 70, 66]
6.366[62, 194, 663, 585, 152, 74, 62, 56]
6.388[63, 203, 655, 682, 201, 89, 69, 64]
6.412[66, 217, 657, 710, 202, 94, 74, 71]
6.426[65, 195, 626, 690, 197, 89, 70, 68]
6.448[72, 190, 622, 705, 190, 87, 68, 70]
6.47[77, 220, 634, 744, 198, 88, 69, 72]
6.485[76, 215, 706, 653, 154, 74, 61, 68]
6.508[82, 202, 727, 601, 153, 71, 62, 65]
6.531[81, 198, 721, 625, 170, 73, 61, 65]
6.545[79, 211, 798, 629, 187, 81, 64, 66]
6.568[75, 174, 838, 560, 179, 82, 66, 69]
6.59[76, 170, 803, 538, 170, 80, 64, 67]
6.605[66, 191, 840, 578, 183, 82, 56, 61]
6.629[72, 183, 881, 603, 189, 88, 63, 69]
6.651[63, 149, 806, 581, 176, 81, 58, 62]
6.665[65, 156, 733, 655, 180, 78, 58, 59]
6.688[67, 171, 853, 667, 191, 86, 70, 70]
6.711[70, 145, 842, 686, 199, 92, 75, 79]
6.733[64, 155, 876, 643, 187, 85, 73, 76]
6.748[65, 144, 921, 651, 187, 87, 74, 78]
6.77[69, 143, 913, 563, 173, 84, 69, 77]
6.795[70, 140, 788, 560, 170, 78, 60, 69]
6.808[72, 146, 734, 565, 168, 74, 53, 59]
6.831[79, 151, 646, 545, 158, 75, 52, 61]
6.854[84, 176, 699, 585, 159, 78, 58, 67]
6.869[81, 221, 703, 624, 171, 82, 61, 68]
6.89[76, 214, 766, 614, 165, 79, 58, 68]
6.921[73, 210, 712, 577, 147, 76, 60, 67]
6.928[68, 202, 711, 644, 151, 69, 56, 56]
6.95[66, 192, 632, 644, 154, 66, 51, 52]
6.974[59, 127, 617, 589, 142, 62, 47, 45]
6.988[62, 156, 634, 580, 134, 63, 48, 43]
7.012[63, 153, 653, 546, 132, 62, 46, 46]
7.034[58, 149, 648, 495, 126, 62, 46, 47]
7.049[55, 146, 701, 461, 107, 57, 44, 44]
7.07[58, 164, 713, 472, 106, 58, 46, 49]
7.094[64, 159, 705, 498, 116, 62, 56, 63]
7.108[65, 165, 747, 535, 121, 62, 57, 62]
7.131[65, 169, 720, 509, 121, 62, 60, 65]
7.153[64, 161, 678, 466, 129, 65, 60, 64]
7.168[65, 157, 699, 489, 164, 75, 66, 68]
7.193[64, 152, 714, 441, 161, 75, 61, 62]
7.214[61, 185, 701, 415, 157, 71, 59, 59]
7.228[66, 187, 769, 426, 162, 73, 58, 61]
7.251[77, 193, 758, 486, 164, 72, 60, 66]
7.275[74, 186, 707, 410, 126, 62, 56, 64]
7.288[68, 192, 667, 405, 115, 58, 56, 62]
7.311[70, 189, 667, 506, 126, 58, 57, 62]
7.334[73, 195, 609, 501, 127, 62, 61, 64]
7.348[58, 196, 647, 448, 119, 60, 60, 60]
7.371[60, 200, 689, 467, 121, 59, 57, 57]
7.394[59, 178, 703, 486, 128, 58, 54, 51]
7.409[58, 182, 750, 396, 116, 58, 57, 54]
7.431[55, 175, 752, 413, 118, 64, 60, 57]
7.454[58, 176, 715, 411, 119, 67, 59, 57]
7.468[56, 169, 732, 406, 114, 65, 60, 57]
7.491[68, 175, 704, 472, 137, 75, 67, 68]
7.514[66, 151, 660, 456, 132, 72, 62, 65]
7.528[65, 185, 692, 456, 136, 67, 57, 61]
7.551[65, 179, 706, 467, 132, 62, 57, 62]
7.581[65, 185, 705, 492, 133, 60, 54, 61]
7.588[52, 180, 663, 425, 106, 52, 48, 52]
7.611[51, 181, 695, 438, 127, 60, 49, 51]
7.634[49, 163, 720, 420, 108, 54, 43, 46]
7.656[46, 168, 728, 433, 113, 54, 40, 41]
7.672[49, 162, 670, 426, 115, 55, 45, 43]
7.693[54, 173, 683, 445, 126, 63, 46, 42]
7.716[53, 154, 690, 419, 114, 58, 44, 43]
7.731[53, 158, 723, 455, 129, 58, 45, 42]
7.754[61, 154, 725, 501, 146, 68, 52, 52]
7.776[59, 158, 768, 546, 153, 74, 53, 52]
7.791[56, 157, 786, 536, 145, 71, 52, 53]
7.814[59, 155, 793, 540, 142, 72, 54, 54]
7.836[61, 153, 716, 573, 145, 79, 60, 61]
7.851[60, 162, 771, 532, 133, 74, 56, 60]
7.874[59, 180, 762, 497, 126, 67, 51, 56]
7.896[61, 176, 820, 477, 123, 60, 48, 53]
7.911[72, 196, 758, 467, 122, 59, 47, 57]
7.934[73, 194, 769, 396, 124, 62, 50, 56]
7.956[70, 189, 716, 390, 114, 57, 48, 49]
7.971[74, 174, 756, 400, 131, 69, 56, 56]
7.993[93, 185, 657, 499, 164, 84, 67, 66]
8.016[84, 167, 652, 532, 176, 88, 70, 64]
8.031[79, 138, 611, 512, 163, 79, 62, 58]
8.054[86, 145, 646, 509, 170, 93, 73, 71]
8.078[83, 163, 621, 466, 163, 85, 68, 67]
8.091[67, 147, 602, 393, 137, 76, 59, 58]
8.114[63, 148, 581, 384, 123, 72, 56, 57]
8.136[63, 155, 633, 412, 122, 74, 58, 59]
8.15[73, 227, 600, 474, 136, 79, 66, 68]
8.174[75, 279, 526, 484, 127, 82, 171, 71]
8.196[72, 284, 548, 493, 132, 80, 180, 72]
8.21[75, 285, 604, 468, 134, 85, 182, 76]
8.234[74, 286, 560, 444, 134, 85, 184, 73]
8.257[67, 256, 521, 461, 141, 80, 179, 62]
8.27[65, 185, 529, 432, 137, 74, 87, 56]
8.294[61, 171, 529, 378, 123, 72, 68, 55]
8.316[60, 166, 459, 399, 126, 67, 62, 52]
8.33[62, 168, 564, 404, 130, 71, 64, 64]
8.354[47, 114, 562, 349, 113, 54, 63, 56]
8.377[43, 100, 553, 342, 111, 53, 54, 55]
8.39[41, 93, 530, 339, 108, 51, 53, 54]
8.414[38, 92, 524, 298, 95, 48, 51, 51]
8.436[29, 66, 401, 288, 87, 38, 39, 35]
8.45[30, 65, 415, 235, 70, 40, 38, 33]
8.474[33, 73, 458, 248, 73, 42, 39, 32]
8.496[30, 72, 455, 239, 72, 43, 39, 29]
8.511[30, 68, 435, 230, 71, 54, 41, 27]
8.533[32, 73, 429, 211, 71, 60, 43, 32]
8.556[32, 97, 489, 183, 61, 63, 42, 32]
8.571[30, 92, 471, 162, 59, 65, 41, 32]
8.594[35, 98, 498, 165, 55, 64, 39, 31]
8.616[34, 99, 504, 165, 55, 55, 37, 31]
8.639[33, 105, 559, 204, 60, 50, 34, 29]
8.655[36, 83, 452, 168, 56, 40, 33, 27]
8.676[37, 83, 434, 171, 55, 37, 33, 27]
8.699[31, 76, 396, 163, 55, 36, 33, 28]
8.714[33, 91, 444, 165, 56, 40, 41, 35]
8.737[33, 119, 445, 109, 54, 46, 47, 38]
8.759[28, 115, 439, 96, 55, 46, 44, 36]
8.773[29, 116, 432, 91, 57, 62, 48, 36]
8.796[31, 115, 426, 87, 58, 67, 50, 36]
8.819[30, 122, 509, 133, 57, 64, 45, 34]
8.834[35, 99, 508, 137, 46, 59, 39, 31]
8.856[34, 98, 527, 137, 43, 91, 50, 30]
8.879[32, 97, 524, 133, 39, 82, 47, 30]
8.894[32, 98, 531, 134, 38, 80, 47, 31]
8.916[34, 72, 392, 79, 38, 82, 46, 26]
8.938[26, 51, 292, 56, 39, 82, 44, 26]
8.955[25, 48, 218, 52, 37, 42, 32, 26]
8.975[26, 42, 199, 47, 34, 36, 31, 26]
8.998[28, 43, 212, 45, 33, 34, 28, 26]
9.022[25, 44, 207, 44, 31, 29, 26, 25]
9.035[26, 38, 172, 46, 31, 27, 25, 21]
9.058[24, 44, 244, 50, 30, 27, 24, 22]
9.074[25, 44, 253, 51, 30, 24, 22, 23]
9.097[20, 42, 222, 48, 28, 21, 22, 21]
9.126[21, 40, 224, 52, 26, 24, 22, 20]
9.135[21, 44, 249, 49, 31, 24, 24, 23]
9.155[22, 40, 200, 51, 33, 25, 22, 21]
9.179[21, 40, 194, 50, 33, 27, 23, 22]
9.194[23, 40, 200, 51, 33, 27, 22, 21]
9.216[22, 40, 201, 45, 35, 24, 22, 20]
9.238[22, 33, 156, 41, 30, 24, 21, 19]
9.254[21, 26, 117, 39, 29, 27, 24, 22]
9.275[22, 27, 128, 42, 29, 27, 24, 19]
9.299[24, 29, 135, 42, 30, 27, 24, 21]
9.315[24, 27, 131, 41, 28, 26, 24, 21]
9.336[25, 32, 140, 42, 27, 26, 24, 20]
9.359[25, 32, 146, 38, 24, 21, 20, 18]
9.375[28, 31, 133, 35, 25, 21, 20, 20]
9.395[25, 28, 121, 41, 26, 26, 22, 21]
9.418[26, 31, 123, 45, 29, 27, 20, 22]
9.434[25, 26, 112, 44, 30, 27, 22, 23]
9.455[25, 28, 96, 50, 32, 27, 24, 23]
9.478[25, 27, 95, 53, 33, 27, 25, 24]
9.494[24, 31, 101, 49, 32, 23, 24, 21]
9.515[24, 29, 99, 47, 33, 24, 25, 20]
9.539[23, 30, 94, 46, 32, 24, 27, 20]
9.561[27, 28, 91, 38, 31, 27, 25, 20]
9.576[23, 29, 100, 37, 31, 29, 27, 19]
9.598[25, 27, 123, 34, 31, 30, 26, 21]
9.62[25, 27, 137, 34, 29, 30, 25, 21]
9.635[25, 29, 138, 36, 32, 28, 21, 23]
9.658[24, 31, 135, 34, 31, 25, 20, 24]
9.68[26, 28, 120, 35, 32, 24, 18, 24]
9.695[24, 27, 86, 34, 33, 23, 19, 22]
9.718[26, 26, 59, 33, 32, 22, 20, 24]
9.74[25, 24, 60, 33, 32, 23, 21, 21]
9.756[23, 26, 134, 35, 31, 24, 24, 21]
9.778[25, 28, 143, 31, 31, 24, 24, 22]
9.802[25, 27, 143, 30, 30, 24, 26, 22]
9.816[25, 28, 143, 30, 30, 25, 25, 23]
9.838[25, 28, 147, 28, 29, 24, 24, 25]
9.86[24, 25, 88, 27, 29, 23, 22, 24]
9.875[21, 23, 72, 27, 25, 24, 21, 22]
9.898[20, 24, 65, 27, 26, 24, 21, 23]
9.92[24, 22, 62, 26, 26, 25, 20, 25]
9.936[26, 24, 46, 28, 27, 26, 21, 22]
9.96[27, 22, 42, 27, 29, 27, 21, 21]
9.98[26, 22, 37, 27, 29, 25, 21, 23]
9.995[29, 20, 41, 26, 27, 23, 21, 22]
10.018[25, 21, 40, 28, 28, 23, 21, 19]
10.04[26, 20, 38, 26, 26, 22, 22, 19]
10.055[24, 22, 46, 26, 25, 22, 20, 21]
10.078[26, 28, 61, 27, 26, 21, 20, 22]
10.1[25, 30, 61, 28, 26, 23, 19, 22]
10.115[29, 31, 61, 26, 25, 24, 18, 22]
10.138[27, 31, 61, 24, 26, 23, 19, 24]
10.16[27, 30, 54, 28, 25, 22, 21, 22]
10.176[26, 26, 67, 27, 26, 22, 21, 22]
10.198[26, 27, 69, 29, 28, 22, 23, 23]
10.22[21, 26, 71, 30, 29, 20, 24, 22]
10.235[22, 26, 74, 32, 31, 25, 21, 23]
10.258[24, 25, 73, 30, 31, 25, 21, 24]
10.28[25, 23, 50, 31, 32, 25, 20, 22]
10.295[24, 23, 45, 29, 30, 23, 21, 21]
10.318[24, 22, 42, 30, 29, 26, 21, 21]
10.34[25, 21, 38, 29, 28, 23, 23, 18]
10.356[24, 27, 37, 34, 31, 24, 22, 17]
10.378[27, 29, 33, 33, 31, 24, 23, 17]
10.402[26, 29, 44, 34, 31, 23, 22, 18]
10.415[28, 29, 42, 36, 33, 21, 22, 17]
10.439[27, 31, 45, 35, 31, 20, 22, 21]
10.46[27, 28, 45, 33, 30, 20, 23, 21]
10.475[25, 26, 45, 32, 28, 22, 25, 21]
10.498[24, 22, 34, 30, 30, 23, 24, 20]
10.52[23, 23, 33, 26, 30, 23, 23, 22]
10.543[22, 21, 30, 27, 29, 23, 23, 21]
10.558[25, 20, 28, 27, 33, 24, 24, 21]
10.581[24, 21, 33, 29, 32, 23, 24, 22]
10.603[26, 21, 32, 27, 29, 22, 25, 23]
10.618[28, 23, 32, 29, 28, 24, 26, 23]
10.642[27, 24, 33, 28, 30, 26, 29, 21]
10.663[27, 25, 34, 26, 26, 25, 27, 21]
10.678[28, 25, 30, 25, 27, 26, 26, 21]
10.7[28, 26, 29, 25, 27, 26, 24, 21]
10.723[27, 24, 30, 25, 31, 26, 25, 22]
10.738[27, 23, 28, 22, 29, 25, 21, 23]
10.76[25, 21, 26, 24, 28, 26, 23, 22]
10.785[24, 20, 23, 25, 29, 24, 22, 22]
10.798[23, 23, 31, 27, 31, 25, 23, 22]
10.821[24, 22, 32, 27, 29, 25, 22, 20]
10.843[24, 22, 33, 29, 32, 25, 22, 20]
10.858[24, 22, 33, 28, 32, 22, 21, 19]
10.88[25, 23, 33, 29, 32, 24, 21, 18]
10.903[24, 21, 28, 29, 31, 25, 21, 18]
10.918[29, 21, 28, 28, 28, 23, 21, 20]
10.94[27, 20, 29, 28, 25, 24, 21, 21]
10.963[28, 21, 29, 27, 26, 28, 21, 24]
10.978[26, 20, 29, 27, 25, 29, 24, 23]
11.002[30, 20, 31, 27, 24, 27, 22, 23]
11.023[25, 22, 35, 27, 24, 28, 22, 21]
11.039[25, 21, 34, 27, 25, 26, 25, 20]
11.06[24, 20, 33, 28, 24, 24, 25, 18]
11.084[26, 21, 32, 27, 23, 22, 22, 18]
11.098[23, 23, 34, 26, 25, 23, 22, 19]
11.12[23, 22, 30, 25, 26, 23, 21, 20]
11.143[22, 23, 28, 25, 27, 23, 21, 20]
11.158[22, 23, 28, 22, 26, 21, 21, 21]
11.189[21, 23, 30, 21, 27, 22, 22, 22]
11.203[18, 21, 26, 23, 28, 21, 21, 21]
11.218[25, 22, 29, 26, 30, 23, 23, 21]
11.24[25, 21, 30, 26, 29, 24, 22, 19]
11.264[25, 23, 33, 29, 31, 25, 22, 18]
11.278[26, 24, 35, 32, 31, 25, 22, 18]
11.301[26, 24, 35, 34, 33, 26, 23, 18]
11.323[25, 24, 33, 34, 33, 26, 23, 18]
11.338[25, 24, 32, 32, 33, 25, 22, 20]
11.36[26, 22, 30, 32, 33, 25, 21, 19]
11.383[28, 23, 27, 30, 34, 23, 20, 20]
11.398[29, 23, 26, 28, 31, 22, 20, 20]
11.43[27, 22, 28, 24, 30, 22, 19, 20]
11.443[26, 23, 31, 24, 30, 23, 20, 19]
11.468[25, 25, 31, 25, 30, 22, 21, 22]
11.48[25, 23, 30, 24, 29, 21, 22, 22]
11.503[25, 23, 32, 26, 29, 23, 21, 23]
11.526[28, 24, 28, 28, 28, 23, 21, 22]
11.54[28, 23, 26, 28, 29, 22, 21, 23]
11.563[29, 22, 28, 27, 29, 23, 21, 22]
11.586[27, 24, 31, 28, 28, 27, 21, 22]
11.6[27, 24, 30, 26, 27, 27, 21, 21]
11.623[25, 23, 31, 26, 27, 27, 21, 21]
11.648[25, 25, 30, 27, 28, 28, 21, 24]
11.66[23, 26, 29, 27, 26, 29, 21, 23]
11.683[25, 25, 26, 26, 26, 25, 19, 22]
11.706[25, 26, 25, 26, 27, 25, 20, 25]
11.721[27, 27, 26, 27, 29, 24, 21, 25]
11.743[27, 24, 25, 28, 29, 23, 20, 23]
11.766[28, 26, 27, 29, 31, 22, 19, 22]
11.78[27, 23, 28, 30, 30, 24, 20, 22]
11.803[30, 24, 31, 30, 28, 21, 18, 20]
11.826[24, 21, 30, 28, 27, 21, 19, 19]
11.841[25, 21, 29, 28, 27, 26, 20, 18]
11.865[25, 20, 27, 26, 25, 28, 21, 19]
11.886[26, 21, 24, 25, 25, 28, 21, 20]
11.901[24, 19, 18, 25, 25, 28, 21, 19]
11.923[23, 21, 20, 23, 27, 30, 20, 20]
11.947[23, 21, 23, 26, 27, 26, 20, 24]
11.96[24, 21, 25, 28, 28, 25, 20, 22]
11.983[24, 23, 26, 29, 28, 25, 19, 22]
12.006[25, 23, 26, 33, 32, 24, 20, 22]
12.02[27, 24, 26, 33, 29, 22, 24, 20]
12.043[27, 24, 25, 32, 30, 22, 25, 17]
12.066[26, 25, 23, 29, 31, 20, 25, 18]
12.081[27, 23, 23, 29, 31, 20, 27, 18]
12.104[26, 23, 23, 23, 27, 21, 26, 22]
12.126[28, 22, 21, 23, 27, 22, 25, 22]
12.141[27, 21, 23, 22, 24, 22, 23, 22]
12.163[28, 21, 24, 23, 22, 23, 23, 22]
12.186[27, 21, 21, 24, 23, 25, 20, 22]
12.2[26, 21, 23, 26, 27, 25, 24, 18]
12.223[22, 20, 24, 27, 28, 24, 26, 21]
12.246[22, 20, 20, 27, 27, 23, 26, 21]
12.26[21, 21, 24, 28, 28, 25, 26, 23]
12.283[20, 21, 27, 28, 29, 22, 26, 24]
12.306[20, 20, 28, 27, 26, 21, 22, 24]
12.32[20, 21, 29, 27, 28, 21, 21, 24]
12.344[21, 22, 31, 28, 29, 23, 21, 24]
12.366[26, 21, 29, 30, 31, 21, 21, 22]
12.389[26, 23, 29, 30, 29, 21, 20, 23]
12.403[26, 24, 28, 31, 29, 24, 22, 23]
12.426[26, 23, 27, 29, 28, 23, 20, 21]
12.449[26, 24, 27, 29, 31, 23, 21, 22]
12.463[24, 23, 26, 26, 27, 22, 20, 21]
12.486[25, 23, 24, 25, 28, 23, 22, 19]
12.508[25, 22, 24, 26, 29, 21, 23, 19]
12.523[27, 22, 23, 29, 29, 23, 22, 21]
12.546[26, 22, 21, 27, 26, 23, 22, 23]
12.569[23, 22, 21, 28, 26, 23, 23, 23]
12.583[21, 21, 21, 27, 25, 22, 21, 23]
12.606[22, 21, 22, 26, 25, 22, 19, 22]
12.629[20, 21, 24, 23, 27, 23, 20, 22]
12.643[21, 20, 24, 22, 27, 21, 17, 17]
12.666[22, 21, 24, 20, 26, 25, 18, 18]
12.688[25, 20, 25, 22, 29, 26, 21, 19]
12.703[25, 21, 25, 23, 27, 26, 21, 20]
12.726[25, 22, 25, 24, 26, 24, 22, 19]
12.748[25, 22, 25, 25, 26, 25, 23, 21]
12.763[25, 22, 25, 25, 27, 22, 23, 23]
12.787[25, 23, 23, 25, 27, 22, 20, 21]
12.809[25, 22, 21, 24, 29, 22, 19, 22]
12.823[25, 22, 19, 25, 29, 23, 20, 23]
12.846[26, 21, 19, 26, 31, 22, 19, 22]
12.868[26, 20, 20, 25, 31, 24, 20, 21]
12.883[26, 19, 20, 24, 29, 25, 22, 23]
12.906[25, 19, 20, 23, 29, 24, 23, 21]
12.929[24, 18, 21, 23, 30, 26, 23, 24]
12.943[26, 19, 24, 23, 29, 27, 24, 23]
12.975[26, 22, 25, 25, 28, 26, 23, 23]
12.989[24, 21, 27, 26, 27, 25, 21, 21]
13.003[24, 21, 28, 27, 26, 26, 23, 21]
13.026[26, 21, 29, 26, 24, 23, 22, 18]
13.049[23, 21, 29, 23, 23, 23, 22, 20]
13.063[22, 23, 29, 21, 24, 24, 23, 20]
13.094[27, 25, 28, 22, 25, 25, 24, 21]
13.108[27, 26, 30, 21, 24, 24, 22, 22]
13.123[27, 27, 31, 20, 26, 26, 22, 23]
13.147[27, 28, 32, 24, 24, 27, 22, 20]
13.168[26, 23, 31, 26, 26, 26, 21, 20]
13.183[23, 25, 36, 26, 28, 24, 22, 22]
13.206[22, 24, 35, 27, 27, 28, 21, 22]
13.229[23, 24, 47, 27, 27, 26, 22, 23]
13.243[23, 28, 87, 29, 29, 24, 20, 24]
13.266[26, 33, 119, 27, 26, 26, 20, 25]
13.288[27, 36, 137, 46, 28, 27, 19, 25]
13.303[26, 39, 143, 49, 31, 24, 20, 24]
13.326[28, 49, 171, 51, 34, 26, 24, 24]
13.348[29, 53, 179, 52, 34, 25, 24, 25]
13.371[26, 52, 182, 55, 35, 24, 28, 24]
13.386[23, 60, 191, 119, 51, 24, 29, 24]
13.408[25, 63, 218, 175, 66, 28, 29, 24]
13.432[31, 77, 277, 250, 83, 30, 25, 23]
13.446[40, 111, 310, 280, 101, 39, 32, 31]
13.468[44, 132, 393, 300, 115, 48, 34, 35]
13.491[47, 137, 405, 290, 113, 50, 36, 37]
13.506[56, 144, 477, 314, 114, 48, 37, 40]
13.536[54, 148, 591, 281, 105, 50, 37, 40]
13.551[49, 131, 588, 285, 95, 47, 33, 36]
13.566[57, 262, 722, 291, 87, 42, 30, 34]
13.589[62, 315, 791, 303, 85, 40, 28, 34]
13.611[69, 339, 851, 334, 100, 47, 31, 36]
13.626[74, 362, 852, 412, 114, 52, 36, 39]
13.649[77, 367, 980, 451, 119, 51, 35, 40]
13.672[79, 304, 1078, 475, 116, 53, 40, 44]
13.686[80, 290, 1148, 502, 126, 64, 54, 59]
13.708[90, 276, 1136, 512, 122, 67, 60, 67]
13.731[108, 256, 1199, 515, 119, 75, 69, 80]
13.746[107, 275, 1139, 638, 154, 83, 74, 85]
13.769[109, 281, 1010, 727, 186, 97, 81, 89]
13.791[119, 312, 980, 763, 189, 93, 76, 87]
13.813[115, 320, 1074, 744, 187, 94, 76, 90]
13.829[111, 332, 1018, 743, 189, 89, 72, 85]
13.851[126, 431, 1148, 723, 183, 96, 92, 113]
13.867[127, 439, 1132, 707, 170, 94, 95, 115]
13.889[129, 418, 1104, 704, 192, 108, 102, 118]
13.91[154, 451, 1113, 780, 227, 119, 109, 128]
13.933[148, 522, 1181, 837, 244, 133, 116, 134]
13.949[142, 463, 1132, 809, 240, 131, 106, 114]
13.97[147, 489, 1188, 770, 246, 130, 102, 113]
13.993[139, 486, 1253, 831, 247, 124, 100, 109]
14.009[116, 474, 1207, 861, 241, 119, 94, 99]
14.031[131, 393, 1171, 852, 231, 110, 92, 100]
14.054[164, 423, 1131, 850, 254, 128, 110, 125]
14.07[183, 412, 1104, 889, 260, 143, 123, 142]
14.09[181, 458, 1033, 830, 248, 139, 121, 141]
14.106[178, 451, 1066, 782, 260, 146, 128, 145]
14.129[166, 498, 1145, 783, 273, 147, 124, 137]
14.15[144, 470, 1156, 749, 263, 152, 126, 133]
14.173[129, 445, 1137, 694, 267, 146, 118, 117]
14.189[128, 373, 1149, 670, 261, 147, 119, 117]
14.21[132, 391, 1070, 614, 227, 144, 118, 118]
14.227[132, 346, 918, 534, 196, 136, 115, 115]
14.249[150, 403, 937, 626, 208, 128, 106, 107]
14.27[131, 403, 927, 681, 188, 114, 96, 98]
14.293[140, 422, 906, 689, 197, 118, 98, 103]
14.309[132, 382, 913, 705, 209, 122, 97, 100]
14.33[140, 466, 921, 767, 276, 149, 120, 118]
14.353[103, 400, 965, 732, 251, 132, 107, 104]
14.369[103, 390, 1075, 707, 256, 132, 109, 107]
14.398[96, 379, 1043, 718, 257, 135, 113, 107]
14.413[94, 384, 1019, 720, 248, 120, 102, 95]
14.43[89, 339, 975, 708, 207, 101, 83, 81]
14.451[91, 357, 844, 687, 225, 112, 91, 84]
14.481[92, 361, 725, 651, 210, 112, 91, 86]
14.487[86, 352, 724, 617, 201, 107, 84, 81]
14.51[86, 412, 709, 634, 223, 111, 86, 83]
14.532[90, 400, 756, 599, 200, 100, 78, 76]
14.548[84, 384, 792, 644, 179, 89, 68, 68]
14.57[101, 380, 791, 667, 183, 92, 74, 76]
14.593[103, 380, 797, 725, 222, 102, 76, 76]
14.608[97, 323, 918, 765, 197, 95, 76, 73]
14.63[88, 239, 873, 760, 210, 102, 81, 75]
14.653[91, 249, 881, 704, 204, 96, 78, 73]
14.669[76, 253, 858, 711, 199, 89, 68, 59]
14.69[76, 263, 863, 665, 156, 75, 66, 62]
14.713[87, 259, 796, 560, 155, 89, 76, 82]
14.728[85, 277, 828, 578, 146, 80, 68, 79]
14.751[85, 343, 882, 546, 146, 82, 70, 79]
14.773[85, 332, 833, 509, 144, 80, 68, 78]
14.787[84, 325, 835, 573, 170, 80, 65, 74]
14.81[74, 313, 831, 587, 168, 65, 48, 53]
14.833[78, 311, 820, 515, 151, 64, 49, 53]
14.849[74, 230, 814, 579, 155, 75, 58, 66]
14.87[75, 244, 852, 565, 162, 80, 63, 69]
14.894[78, 239, 829, 486, 126, 75, 60, 65]
14.908[79, 250, 776, 504, 121, 73, 59, 63]
14.93[77, 247, 829, 520, 138, 74, 57, 61]
14.953[79, 229, 726, 524, 136, 63, 48, 47]
14.968[80, 217, 697, 527, 132, 59, 47, 48]
14.99[78, 222, 703, 575, 141, 61, 49, 51]
15.013[85, 214, 711, 558, 143, 63, 53, 56]
15.028[86, 175, 649, 572, 135, 64, 55, 60]
15.05[84, 151, 592, 514, 134, 63, 55, 59]
15.073[91, 182, 541, 491, 125, 62, 54, 62]
15.088[89, 183, 608, 462, 117, 61, 54, 59]
15.111[81, 177, 691, 517, 124, 64, 52, 53]
15.132[80, 202, 683, 527, 130, 64, 51, 52]
15.149[78, 210, 700, 534, 121, 61, 48, 51]
15.17[63, 187, 751, 539, 135, 61, 44, 41]
15.193[69, 194, 675, 522, 132, 62, 45, 47]
15.208[70, 196, 604, 587, 149, 72, 52, 54]
15.231[65, 179, 574, 575, 164, 77, 54, 55]
15.253[73, 216, 577, 579, 176, 84, 61, 62]
15.275[79, 212, 581, 608, 183, 91, 66, 71]
15.292[71, 196, 620, 605, 186, 89, 65, 67]
15.312[74, 209, 585, 521, 175, 79, 58, 63]
15.336[80, 228, 690, 609, 173, 83, 60, 69]
15.35[73, 190, 679, 597, 161, 76, 55, 64]
15.373[63, 184, 616, 586, 147, 66, 48, 54]
15.395[65, 202, 644, 577, 144, 65, 48, 53]
15.41[61, 175, 686, 555, 142, 67, 50, 53]
15.433[53, 163, 729, 442, 113, 53, 50, 45]
15.455[52, 188, 733, 449, 120, 55, 50, 45]
15.47[53, 190, 765, 422, 117, 55, 47, 44]
15.493[58, 186, 772, 425, 131, 59, 47, 47]
15.516[54, 186, 719, 514, 150, 66, 51, 50]
15.53[57, 189, 604, 501, 146, 63, 42, 45]
15.553[57, 170, 700, 501, 156, 68, 50, 49]
15.575[65, 169, 765, 530, 154, 70, 56, 55]
15.598[65, 159, 739, 536, 143, 69, 55, 53]
15.613[72, 175, 807, 451, 131, 70, 65, 62]
15.635[68, 148, 776, 433, 132, 71, 65, 62]
15.65[71, 147, 715, 431, 120, 66, 61, 61]
15.681[64, 151, 655, 511, 146, 73, 61, 58]
15.695[69, 200, 651, 552, 157, 77, 65, 64]
15.71[64, 207, 594, 529, 139, 65, 50, 51]
15.733[62, 217, 635, 555, 144, 65, 50, 50]
15.755[63, 209, 612, 556, 147, 64, 48, 49]
15.771[61, 210, 613, 458, 122, 55, 44, 47]
15.792[51, 169, 551, 429, 110, 46, 36, 39]
15.815[59, 183, 509, 440, 125, 56, 50, 51]
15.83[61, 179, 470, 414, 126, 58, 53, 54]
15.853[59, 179, 468, 370, 119, 61, 56, 55]
15.875[66, 189, 434, 376, 118, 61, 55, 55]
15.89[66, 190, 495, 410, 133, 64, 54, 53]
15.914[59, 155, 509, 440, 124, 58, 44, 45]
15.935[60, 163, 584, 475, 129, 63, 48, 47]
15.951[59, 167, 668, 504, 132, 58, 43, 43]
15.973[62, 187, 664, 526, 143, 59, 43, 43]
15.995[69, 207, 685, 513, 144, 67, 52, 51]
16.01[71, 209, 721, 500, 148, 67, 49, 48]
16.032[70, 212, 692, 540, 155, 69, 49, 45]
16.055[77, 213, 627, 550, 152, 69, 51, 51]
16.07[74, 202, 631, 588, 152, 70, 52, 53]
16.092[63, 180, 576, 544, 139, 63, 48, 47]
16.115[65, 180, 600, 522, 134, 63, 52, 50]
16.138[65, 167, 577, 460, 122, 58, 48, 47]
16.153[54, 164, 593, 462, 135, 65, 49, 43]
16.175[52, 149, 605, 357, 121, 62, 49, 42]
16.199[59, 146, 619, 429, 132, 63, 46, 41]
16.221[57, 158, 581, 444, 130, 65, 47, 40]
16.235[55, 155, 610, 452, 135, 65, 46, 39]
16.258[60, 148, 605, 423, 129, 61, 41, 41]
16.273[60, 139, 612, 454, 139, 65, 45, 42]
16.295[59, 191, 618, 403, 123, 61, 44, 46]
16.318[58, 187, 658, 413, 128, 57, 43, 46]
16.341[62, 199, 739, 445, 122, 54, 46, 49]
16.356[55, 210, 747, 464, 126, 58, 46, 46]
16.378[55, 217, 766, 457, 124, 57, 43, 44]
16.392[47, 173, 782, 484, 127, 57, 44, 40]
16.416[47, 178, 762, 493, 126, 58, 44, 39]
16.438[44, 167, 650, 430, 115, 55, 40, 35]
16.453[47, 197, 759, 429, 102, 51, 41, 37]
16.475[44, 193, 733, 415, 97, 56, 45, 42]
16.498[46, 187, 708, 435, 111, 57, 45, 42]
16.513[48, 179, 706, 423, 114, 60, 46, 43]
16.535[54, 231, 704, 446, 127, 64, 48, 43]
16.559[55, 209, 611, 448, 138, 66, 47, 42]
16.573[56, 218, 607, 521, 156, 66, 44, 38]
16.596[56, 217, 607, 467, 145, 63, 42, 37]
16.618[51, 211, 598, 441, 136, 59, 38, 36]
16.634[42, 158, 607, 429, 126, 54, 37, 39]
16.655[49, 174, 591, 427, 123, 53, 41, 40]
16.679[51, 177, 577, 354, 108, 48, 40, 40]
16.692[53, 205, 633, 341, 103, 47, 38, 39]
16.715[61, 205, 595, 348, 109, 50, 44, 42]
16.738[60, 199, 596, 322, 105, 50, 42, 40]
16.752[50, 181, 593, 297, 92, 46, 39, 37]
16.775[54, 165, 678, 295, 97, 49, 41, 41]
16.798[57, 175, 611, 306, 99, 50, 40, 40]
16.812[57, 179, 653, 315, 107, 62, 49, 47]
16.835[67, 238, 681, 382, 118, 65, 51, 51]
16.859[70, 230, 690, 379, 131, 69, 51, 50]
16.872[68, 228, 598, 350, 119, 65, 49, 48]
16.895[70, 203, 686, 359, 119, 67, 53, 55]
16.919[62, 201, 692, 394, 116, 56, 42, 45]
16.933[55, 138, 645, 341, 112, 55, 43, 43]
16.955[53, 134, 599, 328, 100, 55, 45, 45]
16.979[53, 127, 636, 332, 96, 55, 45, 48]
17.001[42, 114, 528, 295, 92, 50, 41, 39]
17.015[45, 105, 469, 247, 92, 52, 41, 43]
17.038[39, 83, 466, 231, 86, 52, 38, 42]
17.053[41, 107, 437, 220, 78, 51, 97, 42]
17.075[37, 113, 401, 252, 83, 52, 104, 39]
17.098[42, 113, 505, 252, 81, 52, 105, 40]
17.121[39, 110, 471, 249, 69, 43, 106, 36]
17.135[41, 113, 460, 251, 70, 44, 107, 37]
17.159[38, 83, 460, 241, 68, 41, 58, 33]
17.181[40, 84, 464, 187, 61, 38, 46, 33]
17.197[36, 77, 331, 186, 63, 37, 44, 34]
17.219[39, 82, 375, 147, 60, 45, 43, 35]
17.242[38, 81, 457, 162, 57, 41, 38, 32]
17.255[35, 82, 480, 156, 55, 38, 42, 31]
17.278[31, 66, 452, 156, 50, 36, 55, 28]
17.301[33, 72, 501, 161, 49, 35, 59, 26]
17.315[29, 67, 510, 170, 51, 26, 58, 24]
17.339[30, 66, 443, 154, 51, 26, 58, 26]
17.369[31, 65, 407, 173, 52, 25, 52, 27]
17.375[31, 68, 419, 178, 58, 25, 36, 27]
17.398[30, 67, 483, 183, 57, 27, 29, 30]
17.422[30, 71, 509, 163, 54, 30, 26, 28]
17.436[29, 65, 568, 162, 51, 29, 27, 28]
17.459[27, 63, 569, 152, 53, 31, 28, 27]
17.481[28, 63, 555, 145, 49, 35, 28, 31]
17.495[27, 72, 470, 133, 49, 32, 27, 29]
17.518[28, 66, 380, 128, 45, 34, 27, 28]
17.541[27, 65, 247, 111, 46, 35, 24, 25]
17.555[28, 65, 233, 97, 43, 45, 32, 25]
17.578[28, 74, 230, 109, 40, 50, 36, 25]
17.601[28, 68, 254, 112, 42, 51, 37, 25]
17.616[29, 72, 288, 104, 42, 51, 41, 31]
17.639[29, 72, 298, 102, 45, 73, 45, 33]
17.661[29, 72, 292, 101, 43, 70, 41, 32]
17.676[28, 60, 282, 81, 42, 65, 39, 31]
17.698[27, 51, 222, 59, 42, 66, 37, 29]
17.721[26, 40, 183, 59, 38, 65, 36, 24]
17.735[25, 37, 174, 57, 32, 42, 33, 23]
17.758[23, 38, 190, 50, 32, 39, 32, 23]
17.781[22, 35, 180, 44, 30, 37, 29, 23]
17.795[23, 32, 164, 41, 26, 35, 28, 23]
17.818[21, 30, 139, 34, 26, 33, 24, 25]
17.84[22, 29, 118, 32, 26, 29, 26, 24]
17.855[26, 26, 74, 32, 27, 25, 24, 24]
17.878[26, 25, 87, 33, 28, 24, 25, 22]
17.901[26, 26, 85, 32, 29, 24, 24, 23]
17.915[26, 26, 83, 34, 29, 25, 25, 23]
17.938[26, 25, 79, 32, 26, 21, 21, 22]
17.96[24, 26, 77, 32, 27, 21, 23, 24]
17.975[29, 29, 52, 34, 29, 26, 23, 23]
17.998[28, 27, 46, 33, 28, 24, 23, 23]
18.021[29, 27, 43, 31, 25, 23, 24, 22]
18.035[28, 28, 42, 30, 26, 25, 23, 22]
18.058[27, 26, 41, 34, 33, 26, 22, 20]
18.081[22, 22, 37, 32, 31, 22, 22, 20]
18.103[23, 22, 36, 31, 31, 24, 23, 22]
18.118[22, 22, 39, 32, 33, 24, 20, 21]
18.141[24, 21, 39, 34, 35, 26, 20, 21]
18.163[25, 21, 38, 31, 32, 26, 21, 20]
18.178[26, 22, 31, 29, 31, 26, 20, 20]
18.201[23, 23, 32, 30, 32, 25, 20, 18]
18.223[24, 22, 27, 30, 31, 25, 18, 19]
18.239[23, 24, 46, 34, 29, 22, 21, 20]
18.261[24, 23, 47, 32, 25, 21, 21, 22]
18.284[22, 24, 47, 35, 26, 23, 21, 22]
18.298[24, 22, 46, 35, 25, 51, 30, 24]
18.321[27, 22, 45, 35, 27, 64, 36, 23]
18.343[27, 22, 24, 30, 33, 77, 52, 24]
18.358[26, 21, 24, 32, 36, 85, 57, 25]
18.381[26, 21, 30, 28, 37, 90, 59, 25]
18.403[26, 24, 33, 31, 38, 80, 57, 24]
18.418[22, 23, 33, 29, 37, 73, 54, 24]
18.441[23, 24, 46, 31, 32, 59, 38, 22]
18.465[25, 28, 60, 30, 28, 47, 29, 22]
18.479[25, 29, 58, 32, 26, 36, 26, 20]
18.502[25, 27, 57, 30, 27, 53, 35, 21]
18.523[25, 28, 58, 31, 26, 52, 35, 21]
18.539[24, 26, 50, 27, 24, 54, 35, 22]
18.561[28, 25, 32, 26, 25, 54, 35, 20]
18.583[28, 22, 32, 25, 25, 54, 34, 22]
18.598[28, 24, 42, 23, 20, 30, 22, 22]
18.621[27, 24, 40, 23, 21, 27, 21, 22]
18.643[26, 24, 41, 23, 20, 23, 20, 23]
18.658[21, 24, 40, 22, 20, 21, 22, 23]
18.682[26, 25, 39, 24, 25, 22, 23, 23]
18.704[25, 23, 32, 26, 26, 23, 24, 20]
18.718[26, 23, 31, 27, 27, 26, 23, 18]
18.756[26, 23, 31, 28, 28, 25, 26, 18]
18.763[25, 21, 33, 29, 28, 29, 28, 19]
18.777[22, 21, 33, 29, 41, 84, 48, 20]
18.801[21, 21, 29, 28, 48, 91, 55, 23]
18.823[23, 22, 30, 28, 48, 92, 57, 25]
18.838[24, 19, 28, 29, 49, 94, 56, 24]
18.861[23, 18, 27, 32, 51, 96, 55, 24]
18.882[22, 20, 27, 33, 40, 57, 39, 23]
18.909[24, 21, 26, 32, 33, 47, 32, 22]
18.928[24, 19, 28, 35, 36, 58, 32, 21]
18.944[23, 19, 27, 35, 36, 58, 35, 21]
18.965[24, 19, 26, 33, 31, 55, 33, 20]
18.981[25, 20, 25, 31, 31, 54, 33, 20]
19.003[23, 20, 28, 36, 32, 53, 31, 19]
19.025[21, 23, 25, 32, 29, 34, 26, 19]
19.042[22, 24, 24, 31, 30, 29, 24, 19]
19.063[21, 24, 24, 31, 31, 24, 24, 20]
19.085[18, 23, 25, 31, 31, 25, 24, 20]
19.102[19, 22, 21, 26, 30, 23, 23, 20]
19.123[21, 21, 21, 26, 28, 25, 23, 22]
19.146[18, 21, 23, 28, 26, 26, 23, 22]
19.162[19, 20, 24, 27, 25, 28, 22, 23]
19.182[20, 20, 26, 27, 25, 26, 22, 23]
19.205[22, 19, 25, 26, 24, 27, 22, 22]
19.221[21, 20, 25, 25, 25, 27, 22, 22]
19.243[23, 20, 25, 24, 26, 27, 21, 22]
19.265[22, 22, 25, 24, 28, 29, 21, 20]
19.287[22, 22, 23, 29, 28, 27, 22, 21]
19.303[25, 26, 23, 29, 28, 27, 24, 21]
19.325[28, 27, 25, 30, 27, 25, 21, 19]
19.342[29, 25, 23, 28, 26, 26, 24, 20]
19.363[29, 25, 22, 27, 23, 24, 25, 19]
19.386[29, 27, 22, 23, 25, 24, 25, 18]
19.401[25, 23, 22, 25, 25, 25, 25, 19]
19.422[23, 22, 18, 23, 26, 27, 26, 19]
19.447[21, 23, 21, 24, 25, 24, 24, 20]
19.461[20, 22, 22, 26, 27, 23, 24, 23]
19.483[22, 22, 22, 25, 26, 24, 22, 22]
19.512[25, 21, 22, 24, 29, 22, 20, 21]
19.521[25, 20, 25, 24, 28, 20, 20, 21]
19.542[24, 23, 22, 25, 30, 25, 20, 22]
19.566[25, 21, 23, 23, 29, 25, 19, 20]
19.582[26, 21, 22, 23, 28, 27, 23, 20]
19.602[25, 22, 22, 22, 26, 26, 23, 21]
19.625[25, 23, 24, 26, 30, 30, 25, 22]
19.641[26, 19, 25, 25, 27, 27, 25, 21]
19.663[26, 22, 25, 25, 28, 28, 27, 23]
19.685[23, 22, 27, 25, 28, 26, 23, 23]
19.701[22, 20, 27, 26, 28, 26, 23, 22]
19.723[22, 20, 25, 21, 25, 23, 22, 21]
19.745[22, 21, 28, 26, 30, 24, 21, 21]
19.766[23, 21, 27, 27, 31, 24, 22, 20]
19.786[24, 19, 25, 27, 31, 27, 21, 20]
19.806[23, 22, 25, 28, 31, 28, 22, 20]
19.821[23, 23, 27, 31, 32, 28, 22, 20]
19.842[22, 23, 25, 30, 28, 27, 22, 20]
19.865[24, 22, 27, 30, 28, 27, 20, 22]
19.88[24, 23, 28, 30, 26, 24, 20, 21]
19.903[24, 21, 27, 31, 28, 25, 19, 21]
19.925[23, 21, 26, 29, 26, 23, 20, 22]
19.941[24, 21, 25, 30, 28, 26, 19, 22]
19.963[21, 22, 24, 30, 27, 25, 19, 19]
19.986[21, 21, 32, 28, 28, 25, 22, 19]
20.007[22, 25, 106, 31, 28, 24, 24, 20]
20.022[22, 26, 135, 33, 30, 26, 25, 22]
20.045[25, 27, 155, 35, 30, 23, 26, 23]
20.067[24, 28, 157, 36, 30, 24, 26, 23]
20.083[24, 28, 159, 37, 29, 25, 26, 23]
20.105[23, 27, 126, 32, 30, 26, 25, 21]
20.127[24, 25, 99, 32, 28, 25, 25, 20]
20.143[22, 24, 66, 27, 26, 26, 24, 19]
20.166[24, 26, 61, 27, 28, 25, 22, 19]
20.187[22, 27, 54, 27, 29, 28, 22, 18]
20.204[23, 27, 47, 27, 26, 26, 20, 20]
20.225[24, 28, 64, 30, 29, 25, 21, 20]
20.247[23, 27, 65, 30, 29, 26, 19, 20]
20.263[24, 25, 68, 30, 29, 25, 20, 19]
20.285[24, 23, 67, 29, 29, 23, 19, 21]
20.307[24, 22, 68, 31, 32, 24, 19, 21]
20.323[23, 23, 64, 27, 30, 25, 19, 20]
20.345[23, 31, 136, 30, 33, 24, 19, 21]
20.367[25, 32, 148, 30, 31, 22, 19, 21]
20.382[26, 34, 151, 30, 29, 20, 19, 21]
20.405[25, 34, 156, 32, 28, 22, 20, 19]
20.428[25, 34, 154, 34, 29, 20, 19, 21]
20.442[31, 27, 98, 29, 28, 25, 20, 20]
20.465[29, 25, 76, 29, 28, 25, 20, 21]
20.487[30, 24, 70, 31, 30, 26, 21, 21]
20.502[29, 24, 58, 28, 30, 25, 22, 21]
20.525[28, 23, 42, 23, 26, 27, 23, 20]
20.547[23, 22, 36, 29, 28, 23, 21, 22]
20.563[21, 20, 31, 29, 29, 24, 21, 20]
20.585[19, 21, 30, 27, 28, 24, 20, 20]
20.609[20, 20, 28, 28, 25, 26, 20, 19]
20.622[22, 21, 26, 28, 29, 25, 20, 19]
20.645[22, 22, 27, 27, 29, 26, 21, 20]
20.667[23, 24, 28, 28, 31, 26, 22, 21]
20.683[23, 24, 27, 28, 32, 26, 22, 20]
20.705[23, 23, 30, 28, 35, 24, 21, 22]
20.727[21, 22, 33, 29, 33, 24, 22, 22]
20.744[24, 21, 35, 28, 32, 23, 21, 22]
20.765[25, 22, 53, 30, 31, 24, 21, 23]
20.788[27, 28, 114, 36, 32, 26, 23, 23]
20.804[26, 33, 131, 36, 31, 25, 24, 22]
20.825[26, 43, 170, 42, 31, 25, 24, 24]
20.849[22, 49, 186, 52, 35, 25, 24, 22]
20.863[29, 54, 204, 62, 37, 25, 24, 22]
20.885[30, 57, 182, 75, 41, 22, 24, 23]
20.907[32, 61, 197, 87, 44, 25, 24, 25]
20.93[32, 55, 214, 150, 64, 32, 25, 22]
20.945[35, 64, 343, 201, 77, 34, 27, 23]
20.967[40, 80, 426, 208, 78, 35, 26, 23]
20.99[40, 91, 534, 284, 85, 35, 25, 22]
21.006[44, 117, 627, 313, 94, 35, 26, 27]
21.029[52, 157, 682, 354, 100, 33, 24, 32]
21.05[57, 189, 667, 354, 91, 31, 23, 31]
21.066[62, 215, 728, 403, 104, 34, 24, 33]
21.087[66, 248, 693, 368, 106, 41, 30, 40]
21.11[65, 256, 655, 371, 104, 43, 33, 37]
21.125[66, 260, 655, 344, 102, 46, 34, 37]
21.147[71, 301, 745, 331, 110, 51, 43, 46]
21.17[62, 293, 727, 308, 101, 52, 50, 51]
21.185[67, 288, 788, 318, 104, 51, 50, 49]
21.209[71, 283, 875, 321, 106, 57, 55, 56]
21.23[65, 266, 858, 367, 106, 55, 55, 56]
21.262[66, 191, 805, 390, 110, 55, 55, 55]
21.267[70, 185, 816, 509, 135, 61, 55, 55]
21.29[82, 235, 871, 521, 131, 71, 69, 72]
21.305[77, 236, 850, 567, 136, 67, 67, 71]
21.327[82, 237, 906, 551, 135, 70, 68, 71]
21.35[85, 264, 962, 600, 151, 86, 78, 84]
21.365[85, 304, 958, 646, 153, 85, 80, 87]
21.387[92, 388, 951, 800, 178, 92, 77, 85]
21.41[96, 450, 971, 787, 179, 96, 80, 86]
21.426[101, 481, 1070, 813, 184, 99, 88, 94]
21.456[99, 472, 1071, 794, 176, 94, 83, 91]
21.471[110, 453, 1029, 684, 154, 93, 83, 94]
21.485[100, 363, 1043, 586, 175, 113, 101, 113]
21.508[104, 309, 1076, 638, 198, 118, 102, 113]
21.53[99, 276, 1086, 650, 200, 115, 96, 107]
21.545[98, 273, 1034, 641, 198, 114, 94, 105]
21.567[94, 261, 1081, 677, 199, 115, 93, 105]
21.59[87, 247, 1037, 688, 191, 97, 74, 77]
21.605[82, 226, 954, 670, 174, 91, 73, 78]
21.627[95, 209, 842, 673, 183, 104, 85, 92]
21.651[102, 226, 825, 780, 211, 110, 89, 93]
21.667[96, 236, 846, 792, 219, 112, 88, 88]
21.687[96, 232, 844, 788, 203, 100, 82, 87]
21.712[108, 217, 828, 770, 214, 112, 88, 96]
21.725[98, 212, 795, 738, 211, 107, 81, 89]
21.747[86, 210, 872, 631, 188, 95, 72, 78]
21.771[89, 236, 905, 630, 198, 96, 72, 79]
21.785[86, 218, 863, 566, 193, 96, 72, 78]
21.807[72, 225, 922, 624, 191, 91, 77, 77]
21.831[73, 256, 904, 641, 194, 84, 73, 70]
21.853[75, 251, 900, 737, 221, 95, 79, 76]
21.868[72, 226, 867, 899, 279, 111, 91, 85]
21.891[81, 246, 953, 931, 295, 115, 91, 85]
21.914[84, 236, 913, 956, 307, 112, 78, 71]
21.928[80, 247, 1064, 1028, 321, 120, 83, 78]
21.951[85, 267, 1064, 1018, 313, 122, 84, 81]
21.973[92, 274, 1075, 886, 262, 112, 77, 77]
21.987[88, 285, 1067, 854, 251, 114, 81, 80]
22.011[92, 306, 1099, 771, 233, 112, 84, 84]
22.033[95, 277, 927, 694, 224, 109, 84, 80]
22.047[96, 271, 927, 737, 233, 103, 80, 79]
22.071[87, 250, 850, 724, 232, 96, 74, 74]
22.093[92, 219, 800, 714, 223, 86, 66, 69]
22.108[82, 194, 772, 712, 207, 79, 60, 64]
22.131[91, 201, 801, 691, 197, 84, 61, 71]
22.155[82, 171, 774, 517, 160, 77, 56, 63]
22.168[82, 183, 748, 536, 152, 76, 53, 61]
22.191[71, 185, 749, 638, 215, 110, 76, 72]
22.213[76, 173, 691, 695, 240, 115, 80, 76]
22.227[59, 153, 735, 689, 227, 106, 72, 64]
22.251[72, 174, 718, 721, 234, 105, 73, 64]
22.273[76, 171, 829, 711, 235, 107, 77, 66]
22.287[83, 183, 904, 610, 185, 76, 57, 56]
22.312[81, 202, 960, 571, 177, 69, 53, 52]
22.333[81, 206, 941, 598, 191, 73, 54, 54]
22.348[71, 196, 935, 574, 181, 74, 58, 56]
22.371[66, 196, 895, 514, 171, 71, 60, 59]
22.394[56, 185, 746, 521, 159, 66, 57, 57]
22.408[52, 174, 699, 549, 147, 65, 56, 56]
22.431[59, 190, 696, 659, 170, 81, 62, 61]
22.453[57, 176, 663, 646, 170, 82, 58, 59]
22.467[54, 179, 638, 648, 168, 80, 51, 50]
22.491[53, 168, 660, 629, 165, 78, 50, 49]
22.513[59, 168, 745, 687, 180, 79, 48, 51]
22.528[60, 151, 820, 537, 152, 71, 52, 55]
22.551[67, 177, 859, 605, 185, 81, 59, 59]
22.573[66, 177, 898, 630, 188, 85, 62, 63]
22.589[72, 184, 939, 664, 203, 97, 70, 70]
22.611[69, 175, 869, 584, 192, 98, 73, 70]
22.634[64, 179, 822, 614, 187, 89, 64, 61]
22.647[57, 178, 839, 583, 159, 80, 57, 56]
22.671[60, 180, 797, 579, 158, 76, 55, 51]
22.693[63, 217, 898, 560, 153, 67, 51, 47]
22.707[58, 234, 900, 588, 155, 68, 53, 48]
22.731[59, 237, 905, 535, 146, 66, 56, 50]
22.753[62, 223, 875, 520, 157, 67, 57, 52]
22.768[62, 235, 858, 547, 166, 74, 66, 60]
22.791[59, 210, 677, 534, 152, 71, 62, 57]
22.813[60, 191, 646, 459, 134, 64, 58, 54]
22.835[63, 199, 550, 524, 142, 63, 55, 51]
22.851[67, 212, 501, 503, 124, 59, 54, 51]
22.873[69, 205, 518, 459, 101, 45, 41, 40]
22.896[66, 195, 527, 456, 106, 43, 39, 37]
22.91[69, 203, 554, 474, 108, 40, 35, 34]
22.933[70, 247, 619, 456, 112, 48, 39, 41]
22.956[70, 290, 608, 462, 120, 52, 41, 39]
22.971[80, 285, 716, 566, 133, 54, 44, 49]
22.994[84, 306, 760, 607, 150, 60, 47, 50]
23.016[86, 308, 766, 632, 168, 70, 49, 54]
23.031[88, 266, 737, 642, 169, 66, 48, 53]
23.054[85, 203, 793, 655, 170, 67, 44, 54]
23.076[70, 213, 707, 583, 171, 67, 39, 46]
23.091[65, 187, 695, 569, 159, 63, 36, 45]
23.113[67, 181, 656, 609, 154, 60, 40, 49]
23.136[63, 172, 714, 601, 149, 60, 39, 49]
23.151[62, 167, 645, 580, 144, 57, 41, 51]
23.174[65, 153, 665, 581, 146, 58, 44, 56]
23.196[64, 144, 631, 549, 144, 59, 44, 55]
23.211[66, 147, 634, 528, 173, 83, 55, 61]
23.233[78, 161, 602, 553, 185, 92, 65, 72]
23.256[82, 166, 613, 599, 186, 93, 67, 73]
23.271[84, 156, 636, 601, 186, 95, 68, 72]
23.293[84, 154, 628, 611, 191, 96, 69, 73]
23.316[78, 145, 697, 537, 155, 77, 62, 66]
23.33[63, 139, 681, 478, 136, 64, 49, 52]
23.354[63, 138, 714, 458, 151, 72, 52, 54]
23.376[58, 137, 706, 430, 137, 67, 49, 48]
23.39[61, 148, 717, 433, 127, 65, 50, 48]
23.414[68, 162, 688, 413, 124, 68, 54, 59]
23.436[73, 146, 629, 424, 129, 69, 56, 61]
23.45[67, 144, 596, 443, 132, 72, 59, 62]
23.473[72, 143, 508, 425, 132, 73, 60, 64]
23.496[75, 128, 574, 422, 139, 80, 68, 71]
23.51[74, 126, 630, 442, 146, 77, 63, 63]
23.533[71, 138, 627, 418, 133, 77, 60, 61]
23.556[74, 148, 670, 404, 119, 67, 55, 56]
23.571[71, 159, 693, 454, 131, 67, 54, 54]
23.593[68, 172, 737, 446, 126, 63, 46, 47]
23.616[64, 171, 658, 494, 133, 66, 47, 46]
23.63[64, 165, 745, 521, 142, 65, 51, 47]
23.653[59, 164, 755, 482, 135, 62, 48, 45]
23.676[55, 160, 821, 485, 137, 69, 55, 52]
23.69[51, 162, 773, 500, 131, 64, 51, 47]
23.713[48, 180, 785, 488, 121, 61, 53, 47]
23.736[47, 183, 736, 505, 122, 68, 55, 51]
23.758[51, 177, 684, 497, 120, 68, 55, 52]
23.774[54, 180, 598, 451, 100, 56, 48, 46]
23.796[54, 193, 553, 423, 105, 59, 51, 47]
23.818[55, 166, 625, 366, 106, 55, 45, 44]
23.833[64, 164, 642, 289, 93, 49, 39, 34]
23.855[63, 166, 638, 340, 108, 50, 39, 34]
23.877[61, 154, 632, 338, 123, 56, 40, 35]
23.894[63, 131, 688, 358, 121, 57, 39, 34]
23.915[61, 127, 620, 446, 124, 57, 37, 35]
23.938[47, 139, 586, 484, 131, 57, 40, 36]
23.954[51, 141, 640, 447, 118, 55, 41, 38]
23.975[52, 168, 699, 470, 119, 58, 46, 41]
24.005[52, 175, 652, 451, 129, 60, 48, 42]
24.016[55, 173, 682, 374, 121, 56, 47, 39]
24.036[59, 160, 740, 313, 117, 56, 49, 43]
24.057[54, 157, 733, 370, 131, 61, 49, 42]
24.074[52, 166, 728, 329, 124, 59, 44, 41]
24.095[51, 167, 737, 325, 111, 54, 40, 39]
24.118[48, 197, 726, 325, 112, 57, 42, 43]
24.134[44, 200, 702, 361, 109, 54, 38, 41]
24.155[54, 202, 665, 353, 108, 51, 37, 42]
24.177[56, 200, 676, 386, 108, 46, 33, 39]
24.194[56, 188, 661, 422, 111, 45, 34, 40]
24.215[56, 176, 634, 437, 111, 43, 32, 37]
24.237[57, 178, 643, 397, 105, 46, 31, 36]
24.254[50, 172, 632, 421, 100, 45, 31, 36]
24.277[45, 146, 556, 391, 93, 43, 29, 34]
24.298[55, 159, 650, 366, 93, 46, 40, 42]
24.314[57, 139, 639, 388, 99, 49, 41, 44]
24.335[62, 132, 588, 399, 102, 47, 47, 46]
24.358[71, 128, 689, 332, 95, 50, 51, 55]
24.374[73, 116, 681, 335, 97, 54, 56, 59]
24.395[63, 85, 580, 310, 88, 49, 49, 52]
24.426[59, 82, 546, 259, 75, 46, 47, 50]
24.434[52, 81, 552, 259, 70, 43, 41, 45]
24.455[33, 82, 402, 243, 61, 37, 35, 32]
24.478[32, 74, 387, 217, 53, 30, 29, 25]
24.495[30, 73, 350, 228, 54, 31, 31, 25]
24.515[30, 74, 374, 180, 46, 29, 30, 26]
24.538[29, 78, 371, 154, 53, 33, 30, 28]
24.561[33, 84, 421, 148, 52, 30, 28, 26]
24.575[32, 89, 410, 199, 58, 30, 27, 25]
24.597[33, 97, 437, 185, 57, 31, 25, 25]
24.614[36, 92, 450, 190, 57, 31, 28, 29]
24.636[35, 88, 418, 224, 53, 31, 29, 30]
24.658[31, 79, 362, 224, 55, 31, 28, 30]
24.674[32, 73, 382, 180, 44, 30, 27, 30]
24.703[32, 72, 448, 184, 42, 31, 27, 33]
24.718[29, 74, 450, 175, 41, 31, 23, 29]
24.74[29, 92, 496, 135, 40, 30, 27, 30]
24.755[30, 94, 518, 149, 42, 31, 30, 30]
24.777[27, 97, 501, 143, 43, 31, 31, 29]
24.8[27, 88, 413, 127, 43, 56, 36, 26]
24.815[26, 91, 400, 135, 43, 61, 37, 27]
24.837[24, 101, 420, 134, 39, 63, 36, 24]
24.86[26, 104, 420, 136, 53, 113, 59, 26]
24.877[26, 102, 395, 130, 58, 131, 63, 30]
24.897[24, 100, 381, 129, 60, 125, 62, 30]
24.92[26, 96, 345, 117, 59, 124, 62, 28]
24.935[28, 61, 201, 97, 60, 123, 61, 29]
24.958[24, 41, 173, 57, 44, 82, 39, 26]
24.98[23, 35, 171, 52, 39, 48, 32, 21]
24.995[22, 37, 186, 48, 36, 45, 31, 24]
25.018[21, 35, 186, 49, 34, 56, 32, 24]
25.04[23, 32, 188, 44, 30, 56, 32, 21]
25.055[22, 28, 115, 34, 27, 53, 30, 23]
25.079[23, 27, 103, 32, 23, 52, 28, 24]
25.1[23, 24, 70, 30, 23, 48, 26, 22]
25.116[22, 25, 66, 27, 24, 34, 25, 23]
25.145[18, 25, 59, 31, 25, 29, 25, 24]
25.162[21, 20, 38, 27, 27, 29, 27, 22]
25.175[22, 22, 43, 28, 26, 29, 27, 21]
25.197[22, 24, 40, 27, 25, 27, 26, 20]
25.22[22, 23, 41, 28, 25, 24, 23, 20]
25.235[24, 23, 38, 25, 24, 24, 21, 21]
25.257[26, 23, 37, 24, 25, 42, 26, 22]
25.28[25, 23, 25, 23, 27, 45, 27, 22]
25.303[26, 21, 28, 26, 26, 46, 28, 22]
25.318[26, 22, 26, 25, 26, 46, 29, 21]
25.34[27, 22, 26, 25, 25, 45, 30, 18]
25.357[25, 23, 26, 26, 27, 32, 24, 20]
25.379[25, 22, 26, 27, 29, 27, 22, 21]
25.4[27, 22, 22, 24, 30, 26, 21, 20]
25.415[28, 23, 21, 24, 29, 25, 19, 20]
25.438[26, 22, 27, 23, 30, 24, 19, 20]
25.46[26, 20, 26, 22, 27, 19, 18, 18]
25.475[26, 22, 26, 22, 26, 20, 19, 17]
25.499[24, 21, 26, 23, 25, 19, 21, 18]
25.52[23, 20, 25, 22, 26, 21, 24, 19]
25.535[26, 19, 22, 25, 27, 24, 23, 20]
25.558[22, 21, 21, 26, 29, 24, 24, 19]
25.58[23, 20, 23, 25, 29, 23, 23, 21]
25.596[25, 20, 26, 25, 29, 24, 23, 20]
25.617[23, 21, 26, 25, 28, 25, 20, 20]
25.64[25, 21, 26, 22, 27, 24, 21, 22]
25.663[26, 20, 26, 22, 24, 26, 20, 21]
25.678[25, 20, 26, 21, 23, 26, 21, 21]
25.7[27, 21, 23, 22, 23, 27, 20, 21]
25.722[28, 21, 23, 22, 23, 25, 21, 21]
25.737[27, 23, 23, 23, 24, 24, 20, 19]
25.76[28, 23, 24, 22, 25, 21, 21, 21]
25.782[29, 22, 23, 22, 23, 21, 22, 21]
25.799[26, 23, 21, 23, 27, 21, 22, 22]
25.828[25, 22, 23, 24, 27, 20, 22, 22]
25.843[27, 21, 22, 23, 27, 22, 22, 21]
25.859[26, 22, 21, 24, 27, 23, 24, 21]
25.88[25, 22, 22, 25, 28, 22, 24, 20]
25.903[26, 20, 23, 23, 25, 23, 24, 20]
25.918[26, 20, 21, 24, 26, 23, 24, 19]
25.941[21, 22, 22, 24, 24, 23, 23, 21]
25.963[25, 23, 21, 23, 22, 23, 22, 21]
25.98[26, 22, 21, 22, 20, 24, 19, 21]
26.0[25, 23, 22, 25, 23, 24, 20, 24]
26.024[23, 22, 23, 24, 25, 25, 22, 23]
26.038[24, 21, 24, 24, 27, 25, 23, 25]
26.06[20, 19, 25, 23, 29, 26, 22, 23]
26.091[23, 20, 24, 25, 29, 25, 24, 24]
26.097[24, 20, 24, 24, 28, 26, 23, 21]
26.12[25, 21, 23, 26, 26, 25, 20, 21]
26.142[26, 21, 21, 28, 27, 24, 20, 21]
26.159[27, 20, 20, 27, 26, 24, 20, 21]
26.18[24, 22, 22, 26, 26, 25, 18, 20]
26.211[24, 22, 21, 25, 28, 24, 21, 20]
26.217[24, 23, 22, 24, 28, 25, 23, 22]
26.248[24, 25, 23, 25, 27, 23, 21, 21]
26.263[23, 26, 22, 25, 25, 25, 23, 21]
26.277[23, 24, 21, 27, 29, 24, 25, 20]
26.3[24, 24, 21, 26, 28, 25, 23, 21]
26.331[26, 22, 21, 26, 28, 24, 20, 19]
26.338[25, 21, 22, 25, 26, 26, 22, 18]
26.36[26, 21, 24, 26, 29, 23, 21, 21]
26.383[26, 22, 25, 25, 27, 23, 22, 23]
26.399[25, 21, 24, 28, 25, 21, 22, 22]
26.42[25, 22, 25, 29, 25, 22, 22, 22]
26.443[27, 22, 24, 29, 25, 21, 23, 23]
26.458[24, 20, 23, 29, 25, 21, 23, 24]
26.48[26, 22, 23, 29, 26, 20, 21, 23]
26.503[25, 22, 29, 28, 25, 20, 20, 24]
26.517[24, 21, 29, 28, 25, 19, 22, 25]
26.54[23, 21, 28, 26, 26, 21, 20, 26]
26.563[22, 22, 29, 26, 26, 20, 20, 25]
26.585[23, 21, 28, 26, 25, 20, 21, 24]
26.6[24, 21, 24, 26, 28, 23, 22, 24]
26.622[28, 22, 23, 24, 28, 24, 21, 23]
26.646[27, 23, 25, 25, 29, 24, 22, 21]
26.66[29, 24, 24, 25, 29, 23, 21, 21]
26.683[29, 23, 23, 25, 30, 25, 20, 24]
26.705[27, 23, 23, 22, 28, 23, 20, 23]
26.72[25, 23, 23, 22, 26, 25, 21, 23]
26.743[27, 25, 21, 21, 26, 25, 21, 23]
26.766[26, 22, 22, 21, 25, 26, 22, 24]
26.78[26, 23, 22, 21, 23, 25, 23, 22]
26.803[28, 25, 22, 24, 25, 24, 24, 23]
26.825[27, 23, 27, 24, 26, 22, 24, 22]
26.841[27, 21, 26, 26, 25, 21, 23, 23]
26.862[25, 21, 24, 26, 25, 23, 25, 21]
26.886[26, 21, 26, 26, 24, 22, 25, 22]
26.9[26, 20, 25, 26, 24, 24, 24, 23]
26.922[27, 22, 20, 26, 25, 23, 23, 22]
26.946[27, 23, 23, 26, 28, 22, 23, 21]
26.96[27, 23, 23, 25, 27, 19, 22, 21]
26.982[26, 23, 22, 24, 29, 21, 21, 19]
27.006[26, 21, 23, 23, 30, 21, 23, 19]
27.02[25, 20, 22, 23, 29, 22, 23, 20]
27.045[22, 18, 22, 21, 26, 23, 25, 19]
27.066[22, 19, 22, 21, 25, 24, 22, 20]
27.08[22, 19, 23, 25, 27, 23, 24, 21]
27.104[20, 20, 22, 23, 24, 23, 22, 21]
27.125[19, 22, 26, 23, 24, 24, 21, 19]
27.14[21, 24, 27, 24, 25, 23, 20, 21]
27.163[22, 24, 26, 25, 28, 22, 22, 20]
27.185[26, 24, 27, 20, 27, 22, 20, 20]
27.2[26, 23, 27, 22, 26, 20, 20, 19]
27.223[26, 22, 25, 22, 27, 18, 21, 20]
27.246[26, 20, 23, 22, 29, 21, 24, 19]
27.26[25, 20, 26, 24, 26, 24, 26, 19]
27.283[26, 20, 23, 24, 25, 24, 26, 19]
27.305[27, 21, 24, 26, 25, 25, 27, 19]
27.32[29, 21, 25, 26, 26, 26, 27, 20]
27.343[28, 22, 25, 27, 25, 22, 26, 20]
27.365[29, 21, 23, 24, 27, 21, 24, 20]
27.38[25, 22, 24, 24, 26, 20, 25, 21]
27.403[25, 21, 23, 22, 28, 20, 23, 21]
27.426[23, 21, 22, 20, 27, 20, 22, 20]
27.442[21, 22, 21, 21, 26, 21, 21, 19]
27.463[21, 25, 24, 22, 25, 23, 21, 19]
27.485[24, 25, 24, 23, 26, 24, 20, 22]
27.5[25, 26, 25, 22, 26, 24, 21, 21]
27.524[25, 26, 25, 23, 27, 23, 22, 23]
27.545[26, 24, 26, 25, 28, 22, 23, 22]
27.568[28, 23, 24, 26, 28, 22, 22, 22]
27.583[24, 22, 25, 27, 27, 20, 22, 21]
27.605[28, 20, 25, 28, 26, 18, 23, 22]
27.628[27, 21, 24, 28, 26, 21, 21, 20]
27.644[27, 21, 24, 26, 24, 22, 20, 23]
27.665[25, 20, 25, 24, 25, 22, 22, 23]
27.688[24, 19, 23, 24, 25, 24, 23, 22]
27.703[22, 19, 25, 24, 24, 25, 22, 24]
27.725[26, 20, 26, 25, 25, 22, 21, 25]
27.748[24, 19, 27, 26, 25, 25, 24, 23]
27.763[26, 20, 26, 26, 27, 25, 23, 26]
27.785[27, 21, 27, 24, 27, 25, 22, 25]
27.808[25, 20, 28, 24, 29, 25, 22, 24]
27.823[22, 19, 28, 23, 27, 25, 25, 22]
27.848[25, 20, 27, 25, 27, 24, 23, 22]
27.868[25, 19, 26, 28, 26, 22, 23, 20]
27.885[23, 18, 26, 28, 26, 20, 24, 21]
27.906[22, 19, 22, 27, 26, 20, 26, 19]
27.93[23, 20, 23, 27, 26, 23, 27, 21]
27.943[23, 20, 23, 22, 24, 21, 25, 24]
27.966[23, 20, 23, 19, 27, 24, 25, 23]
27.988[24, 20, 23, 21, 26, 25, 23, 22]
28.003[24, 21, 23, 21, 27, 25, 21, 23]
28.026[24, 18, 22, 24, 27, 24, 20, 24]
28.048[25, 18, 20, 26, 28, 25, 20, 20]
28.064[25, 22, 20, 27, 27, 23, 21, 21]
28.086[25, 24, 23, 27, 28, 23, 22, 22]
28.109[24, 23, 24, 27, 27, 22, 22, 21]
28.122[25, 25, 24, 25, 26, 21, 22, 19]
28.145[24, 25, 25, 24, 28, 22, 23, 20]
28.168[28, 23, 25, 23, 25, 22, 22, 19]
28.182[28, 22, 24, 24, 25, 24, 21, 17]
28.206[30, 24, 23, 24, 25, 25, 20, 19]
28.228[28, 22, 22, 24, 27, 24, 20, 19]
28.242[27, 23, 24, 23, 26, 23, 18, 20]
28.266[22, 22, 25, 22, 26, 22, 19, 20]
28.288[22, 23, 24, 22, 24, 19, 21, 24]
28.303[25, 21, 24, 23, 25, 20, 22, 21]
28.325[26, 21, 25, 23, 25, 19, 23, 21]
28.349[25, 19, 24, 25, 26, 17, 24, 20]
28.362[25, 20, 23, 30, 27, 22, 25, 22]
28.385[24, 19, 24, 30, 28, 22, 24, 18]
28.408[21, 20, 25, 28, 28, 22, 23, 20]
28.423[21, 20, 24, 29, 26, 24, 22, 21]
28.446[23, 20, 23, 27, 24, 26, 22, 21]
28.468[22, 19, 24, 26, 25, 24, 21, 20]
28.492[25, 20, 23, 25, 25, 25, 21, 22]
28.506[25, 21, 22, 27, 25, 28, 22, 21]
28.528[26, 21, 22, 27, 27, 28, 22, 20]
28.55[24, 21, 22, 26, 29, 30, 23, 20]
28.565[26, 21, 23, 23, 28, 28, 23, 20]
28.588[24, 21, 23, 24, 30, 29, 22, 17]
28.61[21, 21, 22, 22, 28, 26, 22, 20]
28.633[26, 21, 24, 24, 30, 25, 22, 20]
28.648[25, 22, 23, 25, 29, 22, 19, 20]
28.671[26, 22, 22, 25, 30, 23, 20, 23]
28.686[26, 22, 23, 26, 28, 23, 21, 23]
28.709[26, 20, 24, 26, 27, 22, 20, 20]
28.73[22, 20, 24, 26, 26, 23, 22, 20]
28.746[23, 21, 24, 25, 25, 25, 23, 22]
28.768[22, 22, 26, 26, 24, 26, 22, 20]
28.791[22, 22, 24, 26, 26, 27, 24, 21]
28.806[22, 23, 24, 27, 27, 27, 25, 21]
28.829[24, 23, 22, 24, 25, 27, 24, 21]
28.85[24, 22, 23, 25, 28, 27, 24, 20]
28.866[27, 24, 22, 24, 28, 26, 23, 20]
28.889[26, 22, 22, 22, 28, 24, 21, 20]
28.91[29, 22, 22, 22, 27, 27, 19, 20]
28.927[27, 21, 23, 24, 27, 25, 24, 21]
28.948[28, 21, 22, 24, 26, 24, 24, 21]
28.97[24, 20, 23, 23, 25, 26, 25, 21]
28.988[25, 21, 25, 24, 23, 26, 26, 22]
29.007[24, 22, 24, 25, 24, 24, 27, 21]
29.032[26, 22, 25, 25, 27, 24, 22, 20]
29.047[25, 22, 26, 25, 26, 24, 24, 20]
29.067[26, 19, 23, 25, 25, 23, 25, 19]
29.09[27, 19, 21, 25, 26, 23, 24, 18]
29.106[26, 19, 21, 26, 27, 24, 25, 20]
29.129[25, 20, 20, 25, 26, 26, 26, 21]
29.15