[35, 75, 138, 89, 45, 30, 30, 52]
0.638[36, 71, 131, 88, 45, 28, 32, 32]
0.661[34, 80, 172, 94, 42, 27, 34, 32]
0.683[29, 68, 164, 89, 36, 26, 29, 26]
0.698[26, 60, 161, 124, 43, 26, 30, 25]
0.721[27, 58, 154, 123, 43, 22, 30, 26]
0.745[28, 69, 160, 124, 44, 28, 29, 25]
0.765[31, 61, 116, 119, 46, 30, 28, 25]
0.781[29, 60, 103, 118, 46, 29, 29, 27]
0.803[30, 62, 98, 73, 36, 29, 28, 28]
0.818[27, 62, 110, 66, 32, 30, 25, 28]
0.84[25, 53, 108, 66, 33, 27, 24, 28]
0.864[21, 50, 113, 64, 31, 26, 23, 29]
0.886[20, 49, 116, 66, 30, 28, 25, 28]
0.901[19, 50, 116, 65, 29, 30, 25, 29]
0.925[19, 50, 104, 57, 28, 29, 26, 28]
0.946[19, 48, 101, 54, 25, 27, 24, 27]
0.961[20, 52, 117, 56, 24, 27, 26, 24]
0.985[20, 59, 127, 59, 26, 23, 23, 25]
1.006[20, 60, 145, 66, 30, 21, 24, 26]
1.021[20, 57, 148, 66, 29, 21, 23, 25]
1.052[23, 59, 152, 64, 32, 25, 27, 26]
1.066[22, 55, 141, 64, 34, 24, 27, 26]
1.082[24, 59, 156, 73, 36, 26, 27, 25]
1.103[25, 56, 136, 68, 34, 26, 26, 24]
1.126[28, 65, 133, 68, 34, 27, 27, 24]
1.142[27, 63, 139, 75, 33, 25, 23, 22]
1.163[27, 64, 142, 83, 33, 23, 22, 22]
1.186[26, 57, 121, 72, 34, 24, 26, 22]
1.2[24, 60, 139, 72, 34, 24, 25, 21]
1.231[23, 53, 156, 73, 36, 22, 24, 23]
1.245[21, 57, 158, 67, 36, 26, 24, 23]
1.261[22, 62, 159, 54, 34, 29, 23, 24]
1.283[20, 58, 169, 49, 33, 28, 20, 23]
1.306[22, 60, 164, 48, 33, 27, 23, 25]
1.322[19, 60, 146, 62, 36, 30, 26, 25]
1.343[20, 59, 138, 61, 36, 27, 26, 24]
1.367[20, 56, 127, 60, 36, 28, 28, 23]
1.38[20, 69, 136, 70, 35, 28, 28, 23]
1.403[19, 74, 202, 82, 37, 31, 27, 23]
1.426[23, 81, 244, 85, 32, 28, 25, 23]
1.441[23, 89, 261, 90, 35, 32, 28, 25]
1.463[23, 99, 269, 90, 33, 30, 27, 26]
1.485[24, 96, 273, 86, 35, 32, 29, 26]
1.502[28, 118, 292, 95, 38, 34, 32, 30]
1.532[30, 128, 339, 107, 45, 38, 35, 29]
1.546[29, 122, 336, 107, 43, 37, 34, 29]
1.576[31, 117, 340, 108, 43, 37, 35, 29]
1.593[31, 117, 341, 115, 45, 38, 32, 31]
1.606[30, 91, 295, 106, 46, 35, 29, 27]
1.628[26, 84, 240, 91, 49, 33, 28, 26]
1.651[27, 86, 231, 90, 49, 34, 31, 24]
1.666[27, 82, 223, 95, 51, 36, 31, 27]
1.688[26, 76, 201, 84, 48, 32, 31, 24]
1.714[24, 89, 233, 86, 44, 31, 30, 23]
1.726[24, 80, 191, 81, 35, 28, 28, 24]
1.748[23, 78, 191, 75, 34, 25, 24, 24]
1.772[24, 98, 247, 72, 35, 25, 22, 20]
1.786[24, 101, 250, 72, 36, 28, 20, 20]
1.808[25, 88, 209, 62, 35, 28, 23, 21]
1.831[25, 90, 249, 62, 37, 27, 23, 22]
1.846[25, 89, 255, 69, 38, 29, 22, 22]
1.868[24, 68, 197, 68, 34, 27, 24, 24]
1.891[26, 65, 196, 67, 32, 25, 26, 24]
1.906[25, 66, 199, 87, 33, 25, 25, 23]
1.929[24, 64, 163, 84, 28, 24, 24, 21]
1.951[24, 72, 179, 80, 27, 23, 27, 23]
1.966[24, 69, 177, 78, 30, 23, 26, 23]
1.989[22, 67, 177, 99, 34, 24, 25, 24]
2.012[22, 63, 170, 84, 33, 22, 25, 23]
2.025[23, 65, 163, 97, 39, 23, 26, 24]
2.048[23, 58, 125, 97, 39, 23, 23, 23]
2.071[21, 70, 128, 99, 41, 27, 25, 22]
2.085[22, 74, 135, 80, 38, 25, 24, 22]
2.108[22, 75, 130, 78, 39, 27, 26, 24]
2.131[21, 71, 117, 72, 40, 28, 26, 23]
2.146[22, 68, 107, 67, 40, 26, 25, 24]
2.169[27, 86, 159, 78, 37, 27, 26, 23]
2.191[26, 88, 156, 78, 39, 28, 26, 21]
2.207[28, 87, 158, 80, 39, 28, 25, 20]
2.228[27, 84, 159, 70, 33, 26, 25, 20]
2.252[27, 85, 172, 84, 34, 29, 26, 20]
2.265[22, 55, 129, 85, 34, 27, 24, 19]
2.289[25, 46, 137, 85, 33, 28, 26, 22]
2.312[22, 50, 152, 85, 33, 27, 24, 20]
2.334[23, 59, 185, 90, 35, 29, 26, 21]
2.349[23, 70, 190, 78, 33, 26, 25, 20]
2.371[23, 66, 181, 68, 33, 25, 25, 19]
2.397[20, 75, 179, 66, 34, 24, 24, 17]
2.409[22, 74, 174, 65, 35, 25, 25, 18]
2.431[22, 66, 145, 63, 38, 24, 25, 18]
2.454[21, 57, 149, 66, 37, 25, 24, 21]
2.469[22, 62, 180, 73, 36, 25, 23, 22]
2.492[22, 60, 180, 73, 36, 27, 24, 23]
2.514[22, 65, 192, 78, 35, 27, 26, 23]
2.529[23, 67, 195, 85, 31, 28, 24, 22]
2.551[24, 67, 184, 89, 31, 28, 25, 23]
2.574[24, 64, 162, 80, 31, 30, 28, 24]
2.589[24, 63, 156, 83, 32, 28, 28, 24]
2.612[23, 58, 133, 76, 33, 27, 25, 23]
2.634[22, 56, 127, 66, 34, 26, 27, 23]
2.649[23, 57, 130, 59, 34, 25, 24, 20]
2.671[23, 58, 139, 58, 33, 23, 23, 19]
2.694[23, 55, 145, 65, 33, 24, 22, 18]
2.709[22, 58, 147, 67, 34, 26, 22, 20]
2.731[23, 66, 185, 68, 33, 26, 20, 24]
2.754[22, 66, 187, 71, 33, 26, 21, 25]
2.769[23, 66, 177, 73, 37, 29, 30, 25]
2.792[22, 63, 170, 71, 37, 29, 29, 24]
2.816[22, 58, 180, 76, 35, 28, 29, 24]
2.829[21, 52, 138, 74, 37, 28, 31, 20]
2.852[23, 58, 159, 70, 36, 29, 32, 22]
2.874[23, 62, 169, 73, 34, 26, 23, 22]
2.897[23, 68, 175, 82, 40, 29, 28, 25]
2.911[23, 69, 179, 80, 41, 28, 27, 23]
2.934[25, 84, 201, 84, 43, 29, 28, 28]
2.948[24, 81, 192, 84, 45, 32, 25, 27]
2.972[23, 80, 196, 83, 45, 32, 27, 27]
2.995[25, 77, 198, 71, 38, 31, 23, 24]
3.009[26, 78, 190, 72, 42, 31, 27, 25]
3.032[24, 65, 163, 63, 38, 29, 24, 20]
3.054[25, 65, 152, 62, 37, 27, 26, 22]
3.068[24, 62, 136, 69, 37, 26, 25, 21]
3.091[23, 58, 133, 74, 38, 23, 25, 21]
3.114[21, 55, 121, 68, 34, 23, 22, 22]
3.128[21, 50, 122, 68, 33, 24, 22, 23]
3.151[19, 43, 112, 72, 31, 21, 19, 22]
3.174[20, 39, 108, 68, 29, 22, 21, 26]
3.19[21, 42, 95, 63, 28, 22, 21, 25]
3.211[19, 44, 107, 63, 25, 22, 21, 26]
3.234[20, 49, 118, 65, 28, 23, 24, 25]
3.248[19, 66, 144, 64, 31, 23, 26, 25]
3.273[21, 73, 164, 55, 32, 23, 24, 21]
3.294[22, 71, 169, 70, 35, 24, 24, 23]
3.317[23, 71, 177, 72, 37, 24, 26, 22]
3.331[22, 73, 169, 72, 37, 24, 24, 24]
3.354[24, 63, 149, 69, 36, 24, 24, 26]
3.377[22, 55, 121, 69, 35, 24, 27, 25]
3.391[24, 58, 135, 60, 34, 24, 26, 25]
3.413[24, 68, 139, 57, 37, 24, 28, 28]
3.436[23, 65, 149, 60, 42, 69, 35, 26]
3.451[29, 64, 148, 59, 49, 80, 37, 24]
3.474[86, 64, 150, 60, 52, 85, 39, 26]
3.496[89, 62, 139, 52, 52, 88, 40, 26]
3.519[93, 47, 124, 58, 51, 90, 38, 23]
3.542[95, 49, 120, 56, 47, 72, 34, 24]
3.556[94, 47, 123, 58, 37, 71, 33, 26]
3.572[51, 49, 123, 58, 36, 69, 31, 25]
3.594[43, 54, 124, 53, 32, 65, 32, 26]
3.618[35, 61, 172, 49, 30, 63, 30, 27]
3.631[29, 60, 181, 50, 27, 53, 28, 27]
3.655[27, 71, 208, 54, 31, 59, 25, 27]
3.676[21, 81, 239, 57, 31, 58, 27, 25]
3.691[27, 81, 237, 72, 41, 61, 28, 29]
3.714[27, 120, 282, 78, 43, 61, 29, 30]
3.736[28, 135, 286, 83, 47, 69, 29, 29]
3.752[29, 137, 285, 79, 46, 59, 30, 31]
3.774[28, 133, 262, 77, 45, 69, 30, 32]
3.797[29, 142, 281, 74, 36, 69, 29, 30]
3.812[29, 115, 220, 70, 37, 72, 37, 30]
3.836[30, 107, 272, 67, 42, 73, 35, 29]
3.856[29, 110, 261, 67, 47, 84, 39, 29]
3.872[30, 108, 263, 69, 49, 77, 38, 28]
3.895[31, 121, 330, 63, 52, 76, 38, 28]
3.916[33, 126, 355, 63, 54, 88, 31, 25]
3.932[31, 123, 320, 58, 48, 100, 42, 29]
3.954[33, 117, 318, 56, 44, 90, 40, 26]
3.976[35, 127, 360, 63, 44, 87, 39, 27]
3.992[33, 121, 351, 64, 55, 120, 45, 27]
4.015[32, 118, 320, 58, 56, 128, 52, 27]
4.036[32, 112, 312, 58, 58, 118, 44, 24]
4.052[31, 108, 312, 59, 59, 119, 45, 26]
4.074[28, 105, 291, 53, 59, 121, 45, 27]
4.096[31, 105, 222, 47, 50, 105, 39, 27]
4.112[29, 95, 214, 49, 44, 82, 29, 26]
4.133[31, 98, 230, 52, 42, 75, 29, 25]
4.156[31, 101, 242, 52, 45, 102, 34, 25]
4.18[33, 95, 220, 53, 47, 116, 38, 25]
4.193[27, 69, 199, 47, 45, 103, 38, 23]
4.216[28, 80, 215, 48, 45, 105, 38, 27]
4.239[25, 75, 195, 48, 45, 104, 38, 26]
4.253[25, 77, 183, 47, 41, 79, 34, 25]
4.276[23, 69, 159, 42, 35, 55, 30, 24]
4.298[24, 73, 180, 49, 39, 53, 29, 25]
4.313[25, 65, 169, 51, 43, 50, 31, 24]
4.336[27, 59, 162, 54, 42, 50, 31, 25]
4.358[28, 53, 148, 56, 55, 89, 36, 26]
4.373[29, 60, 167, 57, 55, 90, 36, 25]
4.396[28, 57, 150, 53, 51, 90, 35, 24]
4.418[27, 55, 143, 54, 49, 89, 36, 24]
4.435[27, 59, 144, 47, 51, 92, 36, 22]
4.456[24, 57, 146, 47, 36, 62, 31, 22]
4.478[24, 53, 138, 46, 37, 65, 31, 24]
4.493[22, 67, 235, 46, 39, 65, 30, 24]
4.516[23, 68, 256, 41, 38, 65, 30, 22]
4.538[22, 67, 257, 41, 37, 63, 30, 23]
4.553[22, 71, 261, 41, 37, 48, 27, 22]
4.576[24, 73, 264, 38, 37, 38, 24, 24]
4.598[26, 61, 180, 38, 35, 36, 26, 24]
4.613[25, 59, 153, 39, 33, 31, 24, 25]
4.636[26, 58, 164, 43, 33, 28, 23, 25]
4.661[27, 60, 179, 45, 31, 26, 23, 26]
4.673[26, 58, 166, 47, 29, 25, 25, 23]
4.696[24, 77, 246, 48, 28, 26, 25, 24]
4.72[27, 81, 256, 48, 29, 26, 24, 25]
4.733[25, 81, 252, 43, 26, 26, 26, 25]
4.763[25, 79, 239, 42, 27, 25, 27, 24]
4.778[24, 83, 251, 43, 30, 28, 28, 24]
4.793[23, 64, 170, 42, 31, 27, 25, 24]
4.816[22, 61, 160, 41, 35, 28, 28, 23]
4.838[21, 61, 152, 42, 38, 29, 27, 25]
4.855[24, 59, 159, 41, 42, 31, 27, 27]
4.876[24, 53, 147, 42, 40, 28, 26, 28]
4.898[24, 55, 161, 44, 40, 31, 25, 27]
4.913[24, 51, 182, 47, 38, 29, 24, 26]
4.936[24, 50, 191, 46, 36, 28, 22, 22]
4.958[23, 50, 179, 51, 33, 28, 22, 23]
4.973[22, 52, 176, 55, 37, 29, 21, 20]
4.995[23, 70, 173, 68, 43, 29, 25, 22]
5.018[21, 84, 188, 78, 49, 31, 26, 22]
5.041[21, 89, 217, 94, 51, 31, 29, 24]
5.056[31, 104, 248, 130, 66, 33, 29, 25]
5.08[46, 112, 265, 170, 72, 33, 30, 27]
5.093[50, 125, 328, 265, 96, 36, 29, 27]
5.117[76, 149, 352, 327, 120, 44, 34, 32]
5.146[102, 167, 359, 373, 146, 53, 37, 36]
5.153[151, 169, 396, 446, 162, 59, 39, 44]
5.183[154, 180, 419, 480, 177, 78, 43, 44]
5.198[166, 188, 410, 474, 185, 92, 47, 47]
5.221[183, 190, 505, 472, 197, 100, 55, 53]
5.236[187, 186, 528, 497, 199, 103, 58, 52]
5.258[162, 193, 524, 499, 204, 126, 65, 51]
5.281[179, 189, 524, 481, 196, 123, 66, 50]
5.297[178, 179, 547, 499, 202, 118, 69, 50]
5.318[165, 156, 444, 500, 182, 112, 62, 41]
5.342[160, 154, 412, 465, 178, 120, 61, 44]
5.356[168, 145, 394, 394, 170, 108, 59, 44]
5.38[159, 142, 380, 380, 169, 123, 64, 45]
5.401[180, 145, 353, 327, 150, 129, 66, 47]
5.416[173, 144, 333, 344, 148, 128, 66, 47]
5.438[173, 152, 363, 350, 139, 123, 65, 44]
5.461[162, 145, 357, 373, 122, 121, 62, 41]
5.483[155, 135, 363, 384, 123, 111, 59, 42]
5.499[130, 124, 328, 368, 115, 102, 54, 38]
5.52[134, 127, 342, 334, 122, 107, 56, 38]
5.536[127, 103, 333, 317, 121, 114, 56, 38]
5.559[124, 111, 366, 300, 132, 123, 59, 37]
5.589[125, 112, 347, 305, 132, 114, 54, 36]
5.596[123, 109, 347, 331, 140, 118, 55, 37]
5.618[124, 109, 353, 378, 148, 124, 61, 41]
5.64[124, 105, 343, 432, 168, 113, 60, 37]
5.656[128, 101, 306, 432, 159, 98, 53, 35]
5.68[118, 103, 311, 419, 160, 109, 55, 35]
5.701[137, 105, 307, 407, 154, 104, 53, 36]
5.716[128, 100, 298, 343, 140, 90, 44, 30]
5.738[126, 109, 268, 269, 119, 92, 43, 32]
5.762[117, 107, 236, 250, 118, 92, 50, 32]
5.776[125, 118, 247, 240, 118, 80, 48, 36]
5.8[102, 116, 263, 247, 120, 82, 47, 31]
5.821[110, 120, 275, 251, 119, 82, 46, 33]
5.844[124, 118, 291, 243, 109, 85, 54, 36]
5.858[131, 118, 321, 238, 112, 86, 52, 39]
5.881[131, 106, 316, 242, 105, 80, 52, 39]
5.896[122, 98, 305, 266, 107, 78, 53, 39]
5.919[120, 91, 293, 264, 106, 86, 55, 39]
5.941[125, 81, 279, 248, 102, 80, 49, 36]
5.956[120, 77, 256, 249, 95, 79, 47, 34]
5.978[113, 79, 248, 232, 89, 87, 45, 30]
6.0[111, 79, 232, 176, 78, 88, 44, 31]
6.016[110, 83, 210, 174, 77, 79, 41, 31]
6.038[82, 85, 198, 164, 70, 74, 36, 32]
6.06[79, 83, 199, 188, 67, 68, 35, 31]
6.076[77, 78, 206, 191, 75, 66, 40, 32]
6.099[81, 77, 220, 189, 74, 59, 37, 33]
6.121[106, 72, 248, 211, 74, 57, 37, 32]
6.144[109, 88, 352, 244, 87, 58, 39, 31]
6.158[107, 98, 374, 224, 86, 53, 36, 32]
6.18[108, 107, 378, 225, 88, 39, 30, 30]
6.204[119, 118, 378, 264, 104, 46, 34, 35]
6.218[101, 128, 387, 236, 101, 53, 38, 35]
6.241[101, 124, 331, 207, 94, 56, 35, 33]
6.264[101, 121, 336, 214, 97, 61, 38, 32]
6.278[101, 112, 326, 243, 101, 63, 39, 33]
6.3[99, 110, 342, 208, 89, 61, 38, 30]
6.324[115, 101, 322, 199, 86, 72, 40, 30]
6.339[109, 98, 321, 211, 88, 71, 42, 31]
6.361[110, 89, 311, 228, 93, 73, 42, 30]
6.384[113, 97, 314, 193, 85, 72, 42, 32]
6.398[103, 87, 295, 185, 81, 71, 40, 28]
6.42[74, 93, 304, 197, 87, 54, 36, 31]
6.444[77, 92, 297, 180, 83, 49, 37, 31]
6.458[75, 99, 295, 171, 73, 41, 36, 31]
6.48[68, 94, 302, 187, 82, 42, 35, 29]
6.504[83, 100, 296, 193, 87, 42, 36, 30]
6.519[83, 90, 301, 216, 97, 42, 37, 30]
6.54[85, 87, 271, 217, 99, 42, 34, 28]
6.572[83, 78, 248, 196, 102, 44, 31, 29]
6.578[84, 98, 308, 180, 94, 43, 33, 30]
6.6[67, 95, 316, 199, 96, 45, 32, 28]
6.624[70, 99, 304, 175, 89, 43, 32, 27]
6.638[61, 98, 309, 178, 90, 44, 32, 28]
6.66[65, 100, 306, 192, 92, 44, 31, 28]
6.684[69, 86, 268, 194, 91, 43, 29, 28]
6.698[70, 86, 265, 187, 79, 38, 28, 29]
6.722[63, 79, 272, 178, 74, 38, 23, 28]
6.744[71, 78, 291, 207, 79, 43, 26, 30]
6.758[97, 77, 327, 204, 76, 41, 26, 28]
6.78[94, 68, 308, 221, 87, 42, 27, 28]
6.804[101, 71, 312, 202, 88, 43, 27, 29]
6.818[108, 80, 327, 211, 89, 46, 31, 30]
6.841[106, 76, 316, 198, 86, 39, 29, 28]
6.864[81, 74, 284, 193, 83, 41, 34, 29]
6.878[82, 79, 283, 195, 86, 45, 36, 29]
6.9[70, 69, 263, 201, 88, 43, 36, 27]
6.924[60, 67, 235, 192, 81, 39, 34, 29]
6.939[60, 82, 263, 176, 85, 42, 35, 30]
6.961[71, 86, 269, 183, 99, 44, 33, 34]
6.985[68, 82, 290, 181, 85, 40, 32, 35]
6.998[71, 84, 287, 177, 87, 43, 35, 37]
7.02[73, 79, 286, 173, 90, 47, 35, 37]
7.044[71, 74, 251, 171, 91, 45, 35, 37]
7.066[61, 85, 259, 170, 80, 44, 33, 32]
7.081[60, 86, 228, 156, 79, 42, 33, 30]
7.104[67, 96, 262, 167, 80, 42, 33, 29]
7.126[78, 97, 287, 164, 79, 38, 34, 29]
7.14[81, 95, 295, 188, 73, 40, 36, 30]
7.164[79, 81, 278, 215, 72, 39, 36, 31]
7.186[78, 81, 291, 218, 79, 41, 37, 30]
7.201[73, 68, 287, 210, 77, 38, 33, 27]
7.224[60, 64, 256, 233, 81, 37, 31, 28]
7.246[58, 67, 279, 222, 78, 39, 33, 27]
7.261[69, 71, 272, 193, 80, 39, 32, 30]
7.284[69, 71, 303, 181, 76, 38, 34, 33]
7.306[71, 71, 326, 181, 73, 38, 34, 34]
7.321[69, 70, 329, 172, 71, 40, 35, 33]
7.345[66, 63, 295, 157, 71, 34, 31, 32]
7.366[52, 68, 336, 154, 72, 36, 34, 30]
7.382[53, 71, 369, 178, 73, 35, 31, 29]
7.404[63, 73, 334, 180, 79, 36, 33, 30]
7.434[63, 81, 348, 159, 75, 33, 31, 30]
7.44[60, 85, 369, 173, 79, 35, 31, 30]
7.464[61, 79, 356, 174, 75, 31, 29, 30]
7.486[61, 76, 290, 157, 77, 34, 29, 31]
7.5[47, 82, 328, 157, 76, 36, 29, 31]
7.531[49, 84, 324, 165, 78, 39, 28, 28]
7.546[49, 79, 302, 155, 68, 38, 29, 27]
7.561[50, 77, 275, 146, 70, 41, 30, 27]
7.584[48, 83, 300, 158, 67, 40, 32, 25]
7.606[48, 77, 249, 149, 60, 39, 34, 24]
7.621[49, 78, 261, 143, 57, 36, 34, 24]
7.644[53, 78, 258, 150, 62, 37, 34, 27]
7.666[53, 81, 278, 160, 60, 34, 32, 25]
7.681[54, 72, 249, 167, 64, 38, 31, 25]
7.704[53, 79, 283, 175, 68, 37, 28, 25]
7.726[49, 71, 250, 192, 89, 46, 32, 27]
7.741[48, 71, 264, 188, 88, 45, 30, 24]
7.764[47, 73, 267, 184, 88, 44, 30, 26]
7.787[47, 77, 251, 161, 88, 44, 32, 25]
7.801[48, 71, 250, 182, 91, 46, 33, 27]
7.825[46, 72, 265, 163, 69, 37, 31, 27]
7.846[45, 71, 261, 168, 81, 40, 31, 26]
7.86[44, 63, 240, 185, 88, 40, 33, 27]
7.884[42, 56, 243, 216, 90, 39, 31, 32]
7.906[42, 48, 298, 217, 94, 41, 33, 32]
7.921[55, 52, 288, 224, 105, 45, 35, 34]
7.944[63, 68, 351, 241, 101, 47, 36, 36]
7.966[63, 72, 350, 228, 94, 47, 35, 35]
7.981[67, 76, 350, 206, 91, 46, 36, 32]
8.005[68, 78, 285, 191, 85, 44, 34, 31]
8.026[66, 112, 351, 190, 71, 40, 31, 29]
8.049[63, 107, 282, 157, 65, 38, 31, 29]
8.064[65, 107, 281, 152, 70, 43, 35, 32]
8.086[64, 106, 271, 181, 75, 43, 35, 31]
8.109[63, 111, 302, 173, 71, 44, 34, 30]
8.124[54, 78, 226, 168, 73, 42, 32, 28]
8.146[53, 78, 231, 183, 79, 42, 35, 28]
8.169[56, 79, 232, 185, 76, 40, 34, 26]
8.184[65, 91, 265, 145, 75, 42, 38, 28]
8.206[69, 88, 237, 142, 72, 40, 38, 28]
8.236[73, 87, 259, 149, 72, 42, 39, 28]
8.244[70, 89, 268, 146, 66, 46, 40, 27]
8.266[65, 85, 271, 150, 64, 44, 37, 24]
8.289[52, 77, 241, 159, 72, 45, 36, 23]
8.304[47, 75, 242, 164, 77, 46, 37, 25]
8.326[52, 93, 281, 173, 78, 45, 36, 26]
8.349[49, 88, 297, 172, 81, 40, 31, 27]
8.364[50, 87, 293, 171, 79, 38, 32, 29]
8.386[51, 82, 307, 175, 71, 36, 27, 27]
8.41[49, 79, 302, 194, 65, 33, 25, 25]
8.424[34, 59, 261, 186, 69, 33, 25, 25]
8.447[35, 69, 236, 175, 66, 33, 27, 26]
8.469[32, 75, 240, 172, 66, 32, 27, 24]
8.484[45, 84, 238, 151, 58, 31, 26, 24]
8.514[81, 172, 238, 114, 57, 32, 29, 31]
8.529[96, 180, 212, 93, 46, 31, 29, 30]
8.543[122, 330, 201, 91, 45, 31, 28, 34]
8.566[130, 349, 189, 90, 43, 31, 27, 34]
8.589[163, 462, 228, 98, 45, 31, 30, 38]
8.604[161, 463, 302, 110, 54, 32, 27, 36]
8.626[165, 538, 320, 124, 65, 36, 30, 38]
8.649[157, 519, 377, 133, 66, 37, 31, 34]
8.663[187, 534, 430, 133, 70, 39, 37, 43]
8.686[183, 464, 420, 133, 70, 39, 36, 41]
8.709[181, 466, 381, 135, 72, 42, 39, 40]
8.73[180, 408, 394, 121, 64, 40, 38, 39]
8.747[194, 466, 383, 110, 61, 38, 38, 41]
8.768[167, 446, 345, 107, 61, 37, 33, 35]
8.79[152, 458, 321, 102, 62, 37, 31, 35]
8.807[157, 558, 375, 133, 59, 36, 34, 37]
8.828[165, 562, 358, 130, 58, 38, 33, 37]
8.851[141, 478, 328, 134, 55, 37, 32, 35]
8.867[150, 481, 339, 134, 53, 38, 32, 34]
8.888[143, 562, 404, 138, 54, 36, 33, 37]
8.91[130, 439, 335, 107, 56, 34, 29, 34]
8.927[108, 408, 322, 109, 54, 66, 30, 31]
8.948[104, 385, 312, 104, 56, 67, 31, 32]
8.97[89, 409, 299, 104, 54, 68, 33, 35]
8.987[84, 233, 261, 98, 49, 71, 34, 32]
9.008[83, 256, 297, 85, 39, 71, 35, 32]
9.031[82, 252, 293, 86, 37, 42, 32, 33]
9.048[82, 248, 288, 86, 33, 42, 31, 31]
9.069[67, 186, 287, 84, 34, 38, 28, 24]
9.09[61, 236, 238, 74, 33, 34, 26, 25]
9.107[58, 222, 190, 65, 28, 30, 22, 23]
9.128[54, 214, 199, 56, 29, 28, 23, 22]
9.15[52, 215, 204, 49, 29, 25, 24, 25]
9.167[50, 205, 188, 49, 30, 26, 25, 25]
9.188[48, 130, 184, 46, 29, 23, 26, 23]
9.211[40, 93, 182, 38, 29, 25, 27, 24]
9.227[41, 89, 192, 39, 29, 28, 26, 23]
9.25[58, 108, 203, 44, 30, 27, 23, 22]
9.27[59, 99, 185, 45, 30, 27, 22, 22]
9.287[58, 96, 190, 51, 29, 27, 20, 23]
9.308[55, 90, 220, 53, 31, 25, 20, 23]
9.33[54, 101, 227, 53, 31, 24, 21, 22]
9.347[34, 78, 211, 47, 29, 24, 23, 21]
9.368[31, 77, 207, 42, 28, 27, 25, 21]
9.39[30, 84, 234, 40, 29, 26, 25, 22]
9.407[30, 88, 207, 42, 28, 27, 24, 21]
9.428[30, 93, 233, 46, 33, 30, 28, 24]
9.45[29, 86, 234, 48, 33, 30, 26, 23]
9.475[29, 85, 227, 50, 36, 28, 24, 24]
9.488[28, 76, 187, 45, 34, 29, 25, 23]
9.51[29, 76, 209, 47, 34, 30, 27, 23]
9.525[27, 57, 177, 42, 28, 25, 22, 22]
9.548[27, 58, 180, 41, 29, 25, 23, 23]
9.579[29, 61, 192, 42, 27, 25, 23, 22]
9.585[27, 65, 206, 42, 27, 24, 25, 24]
9.616[27, 58, 204, 39, 26, 23, 22, 26]
9.63[27, 52, 196, 43, 28, 24, 25, 24]
9.646[25, 51, 187, 43, 27, 23, 24, 24]
9.669[25, 57, 187, 42, 29, 23, 25, 24]
9.691[25, 55, 192, 45, 31, 24, 24, 21]
9.706[24, 58, 179, 42, 32, 23, 25, 20]
9.728[27, 66, 200, 40, 30, 25, 23, 22]
9.75[27, 65, 217, 43, 33, 25, 24, 22]
9.765[26, 57, 223, 43, 30, 25, 26, 23]
9.788[27, 55, 206, 39, 27, 25, 25, 23]
9.81[32, 61, 196, 41, 28, 29, 25, 23]
9.833[34, 54, 159, 38, 29, 28, 25, 22]
9.848[36, 86, 243, 46, 28, 28, 27, 22]
9.871[35, 89, 239, 47, 28, 28, 25, 24]
9.885[34, 92, 242, 49, 31, 27, 24, 24]
9.908[30, 95, 256, 53, 30, 23, 24, 24]
9.93[25, 95, 256, 55, 30, 22, 24, 24]
9.953[22, 71, 159, 45, 26, 24, 21, 25]
9.968[24, 69, 160, 44, 26, 23, 22, 24]
9.99[25, 70, 164, 44, 24, 23, 25, 26]
10.013[25, 60, 145, 37, 22, 23, 23, 25]
10.028[26, 57, 137, 34, 21, 26, 24, 25]
10.05[27, 52, 128, 32, 23, 24, 24, 23]
10.074[27, 54, 132, 31, 23, 27, 25, 20]
10.095[28, 49, 122, 31, 22, 28, 23, 18]
10.111[31, 53, 138, 35, 24, 29, 26, 19]
10.133[31, 55, 143, 34, 25, 28, 26, 19]
10.148[30, 59, 188, 37, 26, 28, 26, 21]
10.179[29, 56, 180, 40, 26, 25, 27, 23]
10.193[30, 56, 182, 42, 26, 27, 27, 25]
10.208[28, 57, 174, 42, 25, 24, 26, 26]
10.23[27, 53, 180, 44, 25, 24, 24, 27]
10.253[28, 59, 167, 46, 26, 25, 23, 25]
10.268[27, 56, 162, 43, 27, 26, 23, 23]
10.29[26, 60, 182, 45, 28, 26, 22, 24]
10.313[24, 58, 173, 42, 28, 27, 22, 26]
10.329[24, 57, 170, 41, 29, 28, 25, 25]
10.351[25, 49, 160, 35, 28, 27, 25, 24]
10.373[25, 52, 164, 35, 27, 25, 22, 25]
10.388[23, 48, 138, 27, 26, 23, 23, 22]
10.411[26, 46, 145, 28, 29, 38, 25, 19]
10.433[24, 46, 135, 28, 27, 49, 24, 19]
10.448[24, 54, 185, 34, 27, 51, 24, 22]
10.47[26, 58, 188, 35, 28, 53, 26, 21]
10.493[25, 56, 195, 35, 29, 54, 26, 23]
10.509[22, 54, 188, 35, 26, 46, 23, 23]
10.531[22, 64, 219, 38, 27, 33, 23, 21]
10.554[20, 57, 176, 35, 27, 30, 21, 21]
10.568[18, 50, 172, 36, 28, 25, 20, 21]
10.59[20, 58, 189, 40, 26, 26, 21, 22]
10.613[21, 59, 191, 40, 28, 24, 21, 23]
10.628[20, 49, 154, 37, 28, 23, 19, 24]
10.65[21, 47, 135, 36, 28, 25, 21, 23]
10.673[21, 50, 144, 34, 27, 26, 20, 23]
10.689[18, 46, 136, 32, 27, 26, 21, 22]
10.711[18, 46, 143, 32, 26, 25, 21, 21]
10.735[22, 49, 149, 33, 27, 23, 21, 21]
10.748[22, 51, 161, 34, 26, 24, 23, 20]
10.771[23, 52, 172, 35, 26, 22, 24, 20]
10.793[24, 48, 158, 34, 25, 22, 23, 19]
10.808[25, 48, 155, 33, 25, 21, 23, 22]
10.839[22, 50, 159, 35, 26, 22, 24, 22]
10.853[21, 50, 168, 35, 23, 21, 24, 24]
10.875[23, 48, 159, 33, 22, 23, 24, 24]
10.891[25, 59, 171, 34, 25, 25, 25, 25]
10.913[24, 59, 165, 32, 25, 25, 26, 22]
10.936[25, 56, 158, 29, 25, 25, 25, 21]
10.951[28, 53, 132, 28, 27, 26, 25, 21]
10.973[27, 67, 193, 31, 28, 26, 26, 22]
11.012[27, 59, 189, 28, 28, 22, 25, 22]
11.013[27, 60, 193, 29, 29, 26, 26, 24]
11.033[26, 61, 201, 30, 27, 26, 25, 24]
11.056[23, 61, 204, 30, 28, 24, 26, 24]
11.072[21, 46, 131, 27, 29, 22, 26, 22]
11.101[22, 59, 161, 33, 28, 24, 27, 24]
11.117[24, 62, 173, 34, 29, 25, 25, 24]
11.13[24, 72, 241, 42, 29, 25, 27, 24]
11.154[26, 77, 257, 46, 28, 26, 26, 23]
11.175[27, 78, 258, 45, 28, 28, 24, 23]
11.19[24, 66, 233, 41, 28, 26, 23, 22]
11.213[24, 73, 238, 42, 27, 23, 23, 20]
11.235[25, 64, 192, 34, 24, 23, 21, 21]
11.25[23, 61, 194, 34, 26, 24, 22, 23]
11.273[23, 62, 208, 37, 24, 23, 24, 22]
11.296[22, 64, 208, 37, 26, 24, 25, 24]
11.31[22, 51, 187, 37, 27, 25, 26, 23]
11.334[22, 52, 180, 37, 31, 29, 25, 23]
11.356[22, 49, 152, 34, 29, 27, 25, 21]
11.37[20, 45, 149, 35, 31, 27, 24, 23]
11.393[20, 43, 150, 35, 30, 27, 25, 22]
11.416[20, 48, 174, 40, 30, 28, 23, 22]
11.43[18, 43, 149, 40, 26, 25, 22, 24]
11.453[19, 45, 160, 40, 27, 26, 21, 24]
11.476[19, 48, 146, 38, 26, 26, 21, 23]
11.49[20, 49, 145, 37, 27, 26, 20, 23]
11.513[22, 48, 121, 33, 26, 25, 22, 24]
11.537[25, 49, 142, 32, 26, 25, 23, 22]
11.551[25, 45, 129, 34, 27, 24, 25, 22]
11.574[26, 47, 138, 33, 27, 25, 25, 22]
11.596[28, 51, 162, 35, 26, 25, 24, 21]
11.611[29, 51, 169, 34, 27, 25, 23, 22]
11.633[26, 54, 165, 32, 30, 25, 24, 21]
11.656[26, 54, 167, 31, 33, 26, 22, 21]
11.67[26, 50, 158, 33, 32, 24, 23, 20]
11.693[22, 44, 150, 30, 32, 25, 25, 21]
11.716[20, 46, 152, 30, 31, 26, 25, 22]
11.731[21, 46, 150, 33, 28, 25, 25, 22]
11.755[20, 54, 172, 33, 28, 25, 26, 21]
11.776[21, 54, 181, 31, 28, 26, 25, 23]
11.801[23, 60, 172, 33, 28, 26, 25, 23]
11.813[24, 62, 172, 36, 27, 25, 24, 22]
11.836[23, 59, 171, 33, 27, 26, 23, 22]
11.859[24, 53, 150, 35, 23, 27, 22, 24]
11.873[22, 54, 136, 34, 24, 26, 22, 23]
11.896[24, 46, 129, 32, 23, 26, 21, 23]
11.919[23, 39, 136, 29, 24, 27, 22, 21]
11.933[24, 42, 145, 31, 23, 26, 21, 24]
11.956[24, 41, 149, 27, 24, 24, 20, 21]
11.979[25, 45, 160, 29, 24, 24, 22, 21]
11.993[24, 49, 170, 29, 24, 22, 22, 21]
12.016[24, 50, 159, 30, 24, 22, 21, 22]
12.04[22, 48, 147, 27, 29, 23, 22, 19]
12.053[23, 54, 156, 27, 28, 21, 21, 20]
12.076[22, 51, 186, 30, 29, 21, 20, 18]
12.099[22, 50, 210, 30, 28, 22, 21, 19]
12.121[23, 53, 237, 33, 29, 22, 20, 19]
12.137[23, 54, 236, 34, 26, 21, 23, 18]
12.159[22, 48, 224, 35, 27, 24, 25, 18]
12.173[23, 53, 248, 35, 27, 25, 25, 19]
12.199[21, 59, 244, 36, 28, 25, 25, 21]
12.219[22, 53, 219, 32, 30, 26, 26, 21]
12.234[23, 52, 218, 33, 29, 26, 25, 21]
12.256[27, 51, 217, 33, 29, 25, 24, 22]
12.279[27, 48, 163, 33, 28, 24, 25, 24]
12.293[26, 38, 133, 31, 26, 22, 24, 22]
12.316[25, 41, 131, 33, 25, 24, 21, 22]
12.339[24, 43, 148, 32, 28, 25, 21, 24]
12.353[25, 51, 180, 37, 29, 25, 22, 24]
12.376[24, 47, 172, 38, 31, 27, 21, 22]
12.399[25, 48, 167, 40, 33, 28, 21, 23]
12.415[28, 65, 187, 40, 31, 27, 22, 23]
12.436[27, 68, 186, 41, 32, 26, 20, 22]
12.461[25, 69, 159, 37, 30, 27, 23, 22]
12.473[26, 71, 177, 37, 29, 24, 24, 22]
12.496[26, 74, 198, 35, 27, 25, 23, 21]
12.519[23, 60, 180, 33, 27, 24, 24, 21]
12.533[24, 57, 177, 35, 25, 24, 25, 21]
12.556[21, 54, 185, 35, 27, 23, 21, 21]
12.579[21, 53, 162, 31, 28, 23, 21, 20]
12.594[19, 56, 149, 35, 31, 24, 25, 25]
12.616[21, 59, 147, 40, 35, 24, 25, 25]
12.639[19, 57, 137, 39, 34, 24, 24, 26]
12.653[21, 59, 126, 49, 35, 23, 25, 26]
12.677[20, 61, 157, 52, 36, 25, 27, 27]
12.699[20, 58, 170, 54, 38, 28, 25, 23]
12.713[22, 67, 225, 70, 50, 35, 31, 23]
12.736[23, 70, 267, 75, 52, 38, 33, 23]
12.759[24, 90, 272, 83, 54, 39, 33, 24]
12.781[25, 111, 301, 163, 76, 38, 33, 24]
12.796[34, 119, 335, 225, 96, 39, 32, 23]
12.819[39, 117, 308, 259, 97, 36, 28, 24]
12.843[74, 119, 291, 297, 101, 34, 30, 27]
12.856[89, 110, 299, 309, 119, 44, 34, 30]
12.88[93, 98, 323, 293, 112, 45, 37, 34]
12.901[113, 99, 277, 271, 100, 45, 38, 34]
12.916[131, 103, 315, 273, 108, 49, 39, 36]
12.939[120, 104, 323, 254, 111, 52, 40, 33]
12.962[112, 109, 342, 275, 101, 47, 37, 31]
12.977[112, 106, 318, 277, 104, 50, 36, 31]
12.999[100, 107, 327, 272, 104, 49, 37, 34]
13.021[79, 111, 357, 310, 101, 47, 37, 35]
13.036[79, 114, 370, 323, 116, 47, 36, 39]
13.06[101, 114, 388, 343, 126, 52, 39, 41]
13.081[111, 125, 398, 378, 137, 56, 41, 41]
13.096[124, 137, 418, 388, 150, 63, 44, 42]
13.118[147, 147, 405, 357, 152, 61, 43, 41]
13.141[147, 147, 380, 343, 142, 64, 50, 41]
13.164[135, 142, 407, 309, 140, 64, 51, 39]
13.178[131, 135, 392, 285, 138, 85, 56, 38]
13.201[119, 129, 385, 271, 129, 95, 58, 36]
13.215[131, 118, 365, 270, 129, 97, 58, 39]
13.239[136, 124, 360, 279, 134, 97, 53, 38]
13.261[143, 127, 289, 347, 182, 115, 67, 46]
13.276[159, 136, 283, 396, 192, 104, 137, 53]
13.298[171, 133, 286, 431, 206, 111, 189, 56]
13.321[165, 128, 280, 484, 213, 159, 315, 65]
13.335[161, 117, 294, 515, 219, 172, 349, 71]
13.358[160, 123, 328, 523, 186, 161, 356, 66]
13.381[152, 118, 327, 483, 175, 162, 346, 64]
13.396[146, 112, 304, 447, 158, 154, 329, 64]
13.419[127, 118, 299, 579, 240, 124, 239, 56]
13.442[138, 134, 329, 579, 243, 113, 210, 53]
13.456[137, 133, 300, 532, 236, 112, 201, 53]
13.478[142, 154, 330, 561, 241, 110, 188, 51]
13.509[137, 155, 369, 625, 253, 112, 199, 48]
13.515[132, 149, 391, 459, 170, 90, 169, 44]
13.539[121, 135, 381, 421, 158, 82, 144, 38]
13.561[121, 135, 384, 431, 157, 82, 149, 36]
13.575[105, 98, 345, 396, 152, 76, 148, 35]
13.598[122, 89, 309, 285, 126, 64, 119, 36]
13.621[129, 104, 352, 399, 154, 70, 117, 38]
13.644[141, 125, 362, 435, 163, 68, 111, 40]
13.659[145, 127, 358, 421, 160, 72, 99, 40]
13.681[146, 130, 372, 439, 161, 75, 94, 41]
13.703[130, 133, 366, 450, 166, 73, 83, 39]
13.719[120, 125, 317, 346, 137, 68, 79, 38]
13.74[137, 115, 308, 325, 123, 65, 93, 42]
13.763[129, 121, 320, 336, 129, 60, 91, 41]
13.779[124, 118, 310, 298, 113, 51, 82, 41]
13.801[118, 112, 319, 276, 105, 55, 86, 41]
13.823[119, 105, 326, 278, 108, 59, 92, 42]
13.84[86, 93, 313, 237, 101, 63, 157, 38]
13.861[92, 77, 291, 225, 97, 75, 195, 47]
13.883[102, 75, 305, 254, 104, 78, 209, 47]
13.899[102, 81, 369, 260, 105, 76, 213, 47]
13.921[109, 88, 345, 244, 96, 70, 211, 47]
13.943[109, 92, 379, 263, 98, 72, 163, 45]
13.959[121, 90, 390, 261, 109, 73, 120, 39]
13.982[117, 93, 387, 222, 102, 70, 98, 38]
14.003[123, 89, 339, 228, 105, 74, 108, 41]
14.019[119, 80, 328, 245, 110, 74, 110, 38]
14.04[127, 88, 288, 248, 128, 77, 106, 41]
14.064[110, 87, 281, 272, 116, 64, 96, 38]
14.081[113, 81, 339, 273, 115, 65, 94, 37]
14.101[116, 84, 371, 278, 116, 59, 72, 32]
14.123[116, 100, 393, 255, 110, 58, 68, 35]
14.139[100, 88, 400, 252, 95, 57, 70, 33]
14.16[95, 102, 432, 228, 97, 57, 67, 33]
14.183[83, 102, 380, 231, 97, 57, 79, 32]
14.199[86, 108, 330, 223, 101, 61, 81, 34]
14.22[90, 97, 296, 249, 102, 63, 79, 32]
14.243[94, 113, 331, 231, 95, 57, 76, 33]
14.259[97, 101, 297, 228, 93, 55, 79, 32]
14.282[111, 111, 297, 219, 90, 51, 60, 32]
14.303[104, 109, 305, 210, 100, 59, 54, 32]
14.319[97, 110, 316, 175, 102, 56, 55, 33]
14.34[93, 93, 247, 156, 98, 53, 53, 30]
14.364[88, 87, 258, 158, 101, 58, 60, 32]
14.379[78, 82, 257, 184, 103, 59, 60, 34]
14.4[69, 80, 315, 192, 98, 58, 69, 33]
14.423[64, 77, 316, 217, 100, 62, 71, 33]
14.447[69, 91, 367, 227, 109, 61, 71, 33]
14.46[66, 89, 352, 220, 101, 57, 64, 31]
14.483[62, 87, 360, 198, 99, 55, 66, 32]
14.499[74, 94, 310, 195, 95, 49, 60, 35]
14.52[76, 100, 310, 183, 89, 45, 56, 34]
14.544[84, 89, 289, 196, 79, 47, 57, 34]
14.56[86, 91, 292, 190, 80, 49, 56, 35]
14.581[93, 96, 282, 198, 83, 48, 52, 33]
14.603[92, 92, 280, 211, 75, 47, 44, 30]
14.62[104, 90, 274, 219, 80, 51, 49, 33]
14.641[104, 95, 300, 251, 88, 51, 45, 34]
14.663[111, 99, 288, 250, 87, 50, 47, 33]
14.685[122, 93, 278, 251, 89, 49, 50, 32]
14.7[122, 99, 281, 251, 87, 47, 49, 32]
14.723[115, 95, 274, 232, 82, 42, 44, 29]
14.747[111, 90, 240, 183, 71, 40, 46, 27]
14.76[102, 85, 272, 176, 72, 39, 42, 27]
14.784[92, 88, 271, 176, 75, 42, 46, 28]
14.805[83, 74, 279, 166, 84, 40, 45, 28]
14.821[79, 76, 271, 194, 89, 38, 45, 28]
14.843[76, 72, 249, 191, 88, 41, 46, 28]
14.865[76, 71, 213, 198, 87, 38, 47, 24]
14.88[60, 63, 223, 207, 86, 39, 41, 26]
14.903[57, 69, 288, 218, 82, 39, 41, 25]
14.928[55, 71, 304, 204, 82, 43, 42, 27]
14.94[53, 74, 296, 209, 86, 42, 38, 28]
14.963[52, 78, 297, 209, 95, 44, 37, 28]
14.985[55, 84, 329, 193, 91, 45, 37, 26]
15.002[50, 78, 293, 171, 88, 45, 37, 26]
15.023[54, 76, 319, 170, 84, 39, 37, 24]
15.045[51, 72, 325, 180, 103, 43, 37, 25]
15.061[56, 70, 330, 188, 98, 41, 40, 28]
15.083[56, 70, 307, 190, 96, 35, 38, 27]
15.105[61, 70, 272, 183, 92, 34, 37, 27]
15.12[53, 70, 247, 172, 87, 35, 35, 29]
15.143[55, 73, 284, 150, 58, 32, 34, 29]
15.174[54, 74, 288, 192, 78, 33, 31, 30]
15.18[61, 73, 298, 188, 77, 37, 29, 32]
15.204[57, 73, 303, 189, 79, 38, 30, 33]
15.225[63, 74, 277, 192, 82, 38, 32, 33]
15.24[66, 84, 225, 200, 88, 40, 31, 31]
15.262[65, 95, 257, 166, 79, 42, 33, 32]
15.285[57, 95, 244, 167, 85, 39, 32, 28]
15.301[58, 92, 235, 173, 84, 38, 31, 30]
15.323[59, 94, 249, 186, 87, 39, 32, 31]
15.345[52, 82, 260, 203, 85, 37, 33, 31]
15.362[52, 71, 246, 188, 76, 32, 30, 29]
15.383[51, 71, 279, 200, 66, 32, 30, 30]
15.405[54, 83, 307, 194, 68, 34, 34, 30]
15.42[59, 83, 310, 181, 68, 33, 32, 29]
15.443[63, 88, 325, 166, 64, 32, 32, 30]
15.465[64, 83, 303, 171, 63, 35, 32, 28]
15.481[69, 88, 286, 169, 75, 40, 37, 32]
15.511[65, 80, 263, 177, 80, 43, 34, 29]
15.525[62, 85, 267, 179, 76, 43, 34, 32]
15.54[62, 85, 257, 179, 75, 43, 35, 31]
15.563[61, 92, 301, 191, 79, 44, 35, 30]
15.586[58, 87, 285, 183, 77, 44, 34, 28]
15.616[62, 87, 276, 179, 73, 42, 37, 30]
15.623[58, 98, 301, 180, 76, 43, 38, 29]
15.645[54, 93, 282, 171, 76, 45, 37, 28]
15.668[53, 85, 228, 147, 77, 47, 39, 30]
15.691[55, 93, 249, 135, 70, 43, 37, 29]
15.705[49, 91, 254, 140, 68, 40, 34, 29]
15.728[57, 80, 217, 131, 66, 39, 34, 30]
15.743[57, 83, 220, 133, 65, 38, 34, 32]
15.765[57, 89, 245, 152, 61, 35, 35, 33]
15.788[57, 77, 195, 162, 59, 40, 35, 35]
15.805[59, 75, 186, 157, 59, 41, 36, 33]
15.833[49, 69, 183, 155, 53, 39, 32, 31]
15.848[47, 64, 199, 162, 53, 37, 30, 28]
15.863[46, 80, 193, 143, 50, 36, 28, 26]
15.887[39, 85, 226, 147, 58, 33, 26, 23]
15.908[36, 89, 236, 143, 57, 33, 26, 24]
15.923[39, 100, 234, 143, 60, 34, 26, 23]
15.945[40, 113, 249, 124, 56, 34, 25, 23]
15.968[45, 241, 254, 116, 53, 32, 25, 24]
15.983[64, 274, 301, 94, 40, 30, 27, 23]
16.005[71, 281, 322, 110, 51, 29, 25, 20]
16.029[73, 357, 374, 110, 51, 31, 25, 24]
16.043[76, 370, 368, 130, 59, 32, 29, 26]
16.066[95, 382, 397, 135, 60, 30, 27, 26]
16.088[90, 429, 361, 140, 62, 28, 25, 26]
16.111[100, 452, 357, 148, 64, 28, 27, 29]
16.125[113, 440, 310, 165, 65, 28, 27, 29]
16.148[119, 486, 291, 148, 59, 27, 26, 28]
16.163[123, 525, 248, 149, 58, 26, 27, 29]
16.185[125, 487, 276, 150, 58, 27, 28, 30]
16.208[121, 467, 258, 137, 45, 27, 26, 28]
16.223[137, 557, 297, 132, 45, 25, 26, 26]
16.248[135, 542, 345, 133, 46, 24, 24, 27]
16.268[139, 505, 376, 128, 58, 29, 26, 33]
16.283[135, 514, 389, 148, 60, 28, 27, 34]
16.305[131, 533, 402, 153, 61, 30, 28, 35]
16.329[108, 432, 382, 151, 63, 31, 27, 37]
16.343[110, 450, 389, 150, 64, 35, 28, 37]
16.365[110, 451, 362, 158, 64, 37, 29, 31]
16.388[112, 433, 341, 138, 65, 39, 30, 32]
16.403[111, 411, 359, 124, 66, 40, 30, 31]
16.425[108, 457, 350, 106, 60, 38, 29, 28]
16.448[103, 395, 336, 104, 59, 34, 28, 28]
16.463[74, 315, 354, 93, 48, 28, 25, 25]
16.485[69, 303, 378, 97, 42, 30, 29, 31]
16.508[71, 297, 357, 92, 37, 34, 46, 108]
16.532[72, 123, 363, 84, 36, 44, 56, 170]
16.545[67, 119, 323, 80, 35, 53, 59, 181]
16.568[68, 123, 320, 72, 35, 58, 60, 184]
16.591[73, 138, 293, 53, 33, 57, 57, 185]
16.605[69, 133, 277, 45, 32, 55, 45, 154]
16.628[57, 132, 260, 44, 32, 47, 31, 83]
16.651[54, 129, 273, 45, 32, 39, 26, 53]
16.665[48, 117, 232, 44, 29, 31, 22, 45]
16.688[37, 85, 192, 43, 29, 30, 26, 38]
16.712[37, 75, 178, 40, 26, 25, 24, 49]
16.726[36, 73, 170, 36, 26, 28, 25, 48]
16.749[35, 88, 198, 47, 29, 25, 27, 49]
16.772[33, 87, 203, 50, 31, 24, 27, 49]
16.785[32, 85, 188, 48, 28, 22, 24, 45]
16.808[30, 84, 185, 44, 29, 25, 26, 31]
16.838[27, 72, 201, 46, 26, 24, 25, 28]
16.845[28, 55, 174, 39, 25, 23, 21, 26]
16.869[29, 53, 161, 37, 26, 25, 22, 26]
16.893[27, 51, 164, 37, 29, 26, 22, 26]
16.905[27, 49, 167, 37, 28, 25, 21, 24]
16.929[26, 47, 140, 37, 29, 26, 20, 23]
16.951[25, 34, 109, 31, 29, 28, 22, 21]
16.965[26, 46, 150, 31, 29, 28, 22, 21]
16.989[30, 53, 165, 31, 26, 27, 22, 19]
17.011[31, 55, 166, 32, 28, 28, 22, 20]
17.025[31, 56, 167, 35, 29, 26, 23, 21]
17.048[30, 58, 164, 34, 29, 25, 24, 21]
17.071[31, 43, 113, 32, 27, 22, 23, 19]
17.086[27, 33, 78, 32, 29, 24, 24, 20]
17.116[26, 32, 68, 32, 28, 21, 25, 21]
17.131[25, 29, 53, 28, 24, 21, 25, 19]
17.145[28, 28, 43, 28, 23, 20, 24, 20]
17.169[25, 29, 31, 28, 24, 24, 23, 21]
17.191[24, 26, 26, 26, 25, 23, 22, 20]
17.205[22, 23, 26, 25, 25, 22, 21, 19]
17.229[22, 23, 24, 25, 24, 22, 23, 20]
17.251[18, 22, 24, 24, 25, 23, 24, 20]
17.265[18, 22, 23, 23, 25, 21, 25, 21]
17.291[18, 25, 22, 23, 23, 21, 26, 20]
17.312[20, 27, 22, 23, 24, 23, 26, 22]
17.325[22, 27, 22, 21, 25, 23, 23, 21]
17.349[24, 26, 22, 26, 24, 24, 23, 22]
17.371[27, 27, 21, 27, 28, 23, 22, 21]
17.385[27, 23, 21, 28, 28, 23, 21, 21]
17.409[26, 21, 22, 29, 28, 22, 23, 20]
17.431[25, 22, 22, 31, 31, 21, 23, 23]
17.453[24, 21, 21, 26, 31, 22, 22, 22]
17.468[23, 21, 22, 27, 28, 21, 22, 19]
17.491[22, 21, 24, 27, 27, 24, 22, 20]
17.514[23, 20, 23, 26, 27, 24, 20, 19]
17.529[22, 19, 23, 26, 27, 27, 22, 17]
17.551[22, 18, 23, 27, 27, 25, 21, 19]
17.574[23, 16, 21, 26, 25, 26, 21, 20]
17.588[27, 17, 19, 25, 26, 25, 20, 21]
17.611[26, 19, 19, 25, 25, 23, 20, 21]
17.634[26, 19, 21, 23, 24, 22, 19, 21]
17.656[26, 20, 22, 22, 26, 26, 22, 21]
17.671[24, 21, 23, 23, 27, 26, 21, 21]
17.693[19, 19, 23, 23, 28, 27, 22, 21]
17.709[20, 20, 23, 23, 30, 27, 23, 22]
17.731[21, 21, 22, 25, 30, 27, 23, 22]
17.753[20, 20, 21, 25, 27, 24, 21, 22]
17.768[20, 20, 22, 24, 26, 24, 24, 22]
17.791[19, 21, 22, 25, 25, 25, 24, 21]
17.813[20, 19, 22, 27, 26, 24, 25, 19]
17.836[21, 18, 22, 24, 26, 23, 24, 21]
17.852[21, 18, 21, 25, 26, 22, 24, 22]
17.874[22, 19, 22, 29, 27, 25, 21, 22]
17.889[24, 19, 22, 29, 28, 22, 21, 22]
17.911[22, 19, 23, 29, 24, 23, 23, 24]
17.934[22, 19, 22, 30, 23, 22, 22, 22]
17.95[22, 19, 22, 30, 24, 23, 23, 19]
17.972[22, 21, 20, 26, 23, 22, 24, 21]
17.993[22, 21, 21, 25, 23, 23, 23, 20]
18.009[25, 23, 21, 22, 25, 22, 20, 20]
18.031[23, 22, 22, 23, 27, 24, 22, 20]
18.054[24, 23, 22, 22, 28, 26, 22, 21]
18.084[23, 21, 22, 24, 28, 23, 22, 19]
18.091[21, 20, 20, 22, 26, 23, 23, 21]
18.113[19, 18, 21, 27, 27, 23, 22, 20]
18.128[25, 18, 22, 25, 27, 22, 20, 21]
18.152[23, 19, 21, 27, 27, 19, 20, 23]
18.173[24, 21, 21, 25, 26, 22, 22, 24]
18.189[25, 23, 23, 31, 28, 26, 24, 24]
18.211[26, 23, 21, 30, 29, 47, 29, 25]
18.234[21, 23, 21, 31, 31, 51, 31, 24]
18.248[25, 22, 21, 30, 31, 52, 30, 23]
18.272[24, 22, 23, 32, 31, 53, 30, 23]
18.293[24, 20, 22, 28, 29, 52, 27, 22]
18.308[24, 21, 23, 28, 27, 34, 23, 21]
18.331[27, 20, 23, 26, 25, 31, 22, 22]
18.353[24, 18, 23, 28, 25, 31, 21, 21]
18.368[25, 19, 22, 27, 26, 28, 20, 23]
18.392[24, 19, 22, 26, 27, 27, 21, 22]
18.413[22, 18, 20, 23, 28, 27, 21, 23]
18.438[18, 17, 21, 26, 27, 26, 20, 22]
18.451[20, 19, 22, 23, 29, 25, 22, 23]
18.473[20, 17, 23, 23, 27, 26, 21, 23]
18.503[19, 19, 23, 23, 26, 24, 21, 23]
18.511[20, 19, 23, 24, 25, 23, 20, 22]
18.533[21, 20, 22, 25, 25, 22, 21, 21]
18.556[20, 20, 24, 27, 27, 24, 21, 23]
18.572[19, 21, 23, 30, 30, 23, 22, 21]
18.595[20, 21, 23, 30, 31, 23, 23, 19]
18.617[23, 21, 25, 32, 32, 26, 24, 21]
18.631[23, 20, 24, 31, 32, 27, 25, 21]
18.653[22, 20, 21, 29, 30, 24, 24, 19]
18.675[22, 19, 22, 28, 26, 25, 23, 20]
18.692[22, 19, 23, 29, 26, 26, 24, 21]
18.713[19, 19, 24, 29, 24, 24, 22, 20]
18.735[21, 21, 24, 27, 23, 23, 21, 22]
18.752[20, 20, 23, 29, 26, 23, 25, 22]
18.773[20, 21, 24, 28, 26, 23, 24, 21]
18.795[22, 22, 22, 26, 25, 22, 23, 22]
18.813[22, 22, 22, 24, 25, 21, 23, 22]
18.834[21, 21, 22, 25, 27, 25, 26, 22]
18.855[21, 22, 23, 26, 24, 25, 22, 23]
18.872[25, 22, 21, 24, 23, 25, 21, 24]
18.893[22, 23, 24, 24, 24, 28, 22, 21]
18.915[24, 23, 23, 26, 24, 29, 21, 22]
18.931[23, 24, 22, 27, 21, 25, 19, 22]
18.953[27, 22, 23, 25, 26, 28, 23, 22]
18.975[25, 23, 23, 26, 27, 27, 23, 22]
18.992[27, 21, 22, 27, 26, 25, 23, 25]
19.014[25, 20, 21, 24, 27, 24, 24, 24]
19.035[25, 19, 23, 23, 28, 23, 23, 26]
19.058[22, 19, 23, 26, 25, 23, 19, 24]
19.074[21, 21, 23, 27, 24, 23, 21, 26]
19.095[21, 20, 21, 27, 25, 22, 21, 24]
19.112[23, 20, 23, 28, 24, 24, 21, 23]
19.133[22, 21, 22, 27, 23, 24, 21, 19]
19.155[21, 22, 22, 23, 20, 22, 21, 20]
19.172[21, 20, 22, 21, 20, 22, 20, 19]
19.193[24, 23, 25, 22, 21, 25, 20, 19]
19.215[21, 23, 24, 23, 22, 25, 22, 20]
19.232[25, 23, 23, 25, 25, 25, 23, 20]
19.253[25, 21, 24, 27, 28, 25, 25, 21]
19.277[26, 21, 23, 29, 28, 26, 24, 23]
19.292[23, 19, 21, 29, 27, 23, 23, 23]
19.313[23, 18, 22, 30, 30, 23, 22, 22]
19.335[19, 20, 22, 28, 27, 22, 20, 23]
19.352[21, 21, 21, 27, 26, 22, 18, 22]
19.372[21, 23, 22, 26, 27, 21, 18, 21]
19.395[22, 23, 21, 24, 27, 20, 19, 21]
19.418[23, 24, 22, 26, 25, 22, 18, 23]
19.434[22, 23, 22, 26, 26, 22, 19, 22]
19.456[23, 21, 21, 25, 26, 21, 20, 24]
19.478[22, 21, 22, 25, 26, 22, 21, 22]
19.492[22, 21, 21, 26, 28, 25, 22, 22]
19.516[22, 21, 21, 24, 26, 22, 24, 19]
19.538[22, 20, 19, 25, 26, 24, 23, 23]
19.553[23, 22, 22, 25, 27, 26, 23, 22]
19.575[23, 21, 22, 25, 27, 27, 23, 21]
19.598[22, 23, 23, 25, 23, 27, 22, 23]
19.614[22, 22, 21, 26, 26, 28, 22, 23]
19.635[25, 22, 21, 26, 27, 27, 22, 22]
19.659[22, 22, 19, 27, 25, 25, 20, 21]
19.681[22, 21, 20, 27, 28, 27, 21, 22]
19.695[22, 20, 21, 29, 29, 24, 20, 21]
19.718[22, 20, 23, 32, 28, 24, 20, 23]
19.734[23, 20, 25, 30, 26, 24, 20, 22]
19.756[23, 21, 25, 30, 26, 23, 24, 21]
19.778[22, 21, 25, 29, 24, 21, 22, 21]
19.793[23, 21, 23, 27, 24, 26, 24, 22]
19.815[23, 21, 22, 22, 24, 24, 22, 21]
19.838[20, 22, 21, 22, 25, 24, 24, 19]
19.852[20, 20, 21, 23, 26, 26, 22, 20]
19.876[23, 21, 20, 23, 24, 25, 22, 20]
19.898[22, 21, 21, 22, 26, 21, 19, 20]
19.913[22, 22, 24, 24, 26, 23, 20, 20]
19.935[22, 21, 24, 25, 27, 21, 19, 21]
19.959[23, 22, 25, 23, 26, 19, 18, 21]
19.973[21, 22, 24, 23, 27, 21, 20, 21]
19.995[21, 21, 25, 27, 26, 25, 24, 22]
20.018[20, 20, 22, 26, 25, 25, 25, 23]
20.033[19, 21, 20, 25, 24, 24, 25, 22]
20.055[21, 20, 22, 30, 24, 26, 25, 22]
20.078[21, 19, 23, 30, 25, 25, 24, 21]
20.093[22, 23, 22, 31, 24, 22, 22, 21]
20.116[24, 23, 22, 32, 26, 21, 23, 20]
20.137[27, 25, 25, 32, 28, 25, 23, 21]
20.153[25, 25, 24, 28, 27, 23, 23, 23]
20.176[26, 26, 26, 28, 28, 27, 25, 24]
20.198[24, 26, 34, 26, 28, 26, 25, 23]
20.213[25, 26, 36, 28, 27, 27, 25, 25]
20.235[23, 21, 35, 31, 26, 24, 23, 25]
20.258[22, 27, 63, 34, 27, 26, 23, 24]
20.273[22, 39, 114, 35, 24, 23, 21, 24]
20.295[23, 43, 130, 37, 27, 23, 20, 23]
20.318[29, 48, 140, 37, 26, 24, 18, 22]
20.342[29, 53, 161, 75, 40, 28, 19, 21]
20.355[30, 51, 184, 88, 45, 27, 20, 22]
20.379[29, 49, 166, 88, 48, 27, 22, 21]
20.401[31, 54, 183, 99, 53, 28, 22, 24]
20.415[27, 58, 200, 135, 67, 35, 25, 25]
20.438[27, 63, 195, 153, 74, 34, 26, 27]
20.46[26, 81, 210, 171, 79, 35, 25, 24]
20.475[28, 89, 237, 175, 80, 37, 27, 27]
20.498[26, 95, 237, 222, 86, 39, 28, 28]
20.521[24, 95, 262, 213, 80, 33, 31, 27]
20.535[27, 95, 270, 211, 81, 37, 33, 28]
20.558[26, 94, 280, 209, 77, 37, 33, 29]
20.58[26, 95, 303, 239, 83, 38, 31, 27]
20.595[26, 95, 419, 236, 105, 53, 34, 27]
20.618[24, 93, 408, 248, 115, 58, 32, 29]
20.64[24, 90, 407, 240, 105, 55, 29, 27]
20.655[25, 80, 397, 232, 104, 54, 29, 26]
20.678[32, 72, 378, 246, 112, 55, 30, 26]
20.7[34, 85, 261, 224, 94, 43, 28, 27]
20.724[41, 87, 242, 212, 89, 40, 28, 25]
20.739[43, 88, 244, 215, 92, 42, 29, 28]
20.761[54, 98, 255, 226, 98, 46, 32, 33]
20.775[63, 103, 293, 253, 103, 50, 34, 37]
20.797[77, 104, 300, 270, 114, 48, 33, 37]
20.82[81, 112, 323, 315, 125, 56, 36, 41]
20.835[84, 114, 319, 321, 133, 62, 38, 39]
20.857[100, 126, 343, 333, 133, 60, 36, 38]
20.88[107, 129, 350, 321, 129, 62, 41, 39]
20.896[114, 123, 370, 323, 128, 68, 47, 40]
20.917[120, 123, 360, 328, 122, 63, 46, 39]
20.942[125, 129, 412, 353, 122, 60, 44, 43]
20.955[113, 118, 389, 352, 124, 85, 58, 41]
20.978[151, 143, 349, 380, 133, 90, 56, 40]
21.0[149, 147, 307, 369, 125, 91, 52, 38]
21.015[165, 163, 316, 353, 123, 96, 59, 39]
21.037[171, 174, 301, 340, 126, 132, 77, 43]
21.06[186, 186, 360, 382, 145, 122, 71, 46]
21.075[164, 174, 382, 369, 157, 121, 74, 45]
21.098[168, 178, 401, 390, 159, 119, 75, 46]
21.12[153, 163, 421, 414, 168, 118, 73, 45]
21.144[160, 167, 437, 435, 174, 82, 57, 44]
21.158[163, 168, 448, 456, 169, 76, 55, 44]
21.18[151, 159, 438, 424, 159, 81, 62, 45]
21.195[146, 148, 425, 431, 155, 77, 61, 44]
21.219[155, 149, 405, 401, 146, 77, 60, 47]
21.24[136, 122, 398, 368, 138, 72, 61, 43]
21.255[112, 99, 386, 290, 125, 72, 59, 40]
21.277[115, 113, 434, 306, 125, 66, 51, 39]
21.3[117, 117, 442, 287, 127, 67, 48, 39]
21.323[109, 117, 457, 341, 141, 65, 45, 36]
21.338[113, 118, 418, 351, 151, 65, 44, 37]
21.36[116, 115, 360, 347, 149, 64, 43, 37]
21.383[114, 96, 302, 370, 152, 65, 46, 38]
21.399[107, 91, 296, 347, 151, 65, 48, 37]
21.421[95, 86, 266, 268, 135, 63, 49, 39]
21.444[107, 109, 280, 285, 141, 70, 49, 37]
21.457[110, 115, 298, 318, 146, 68, 48, 37]
21.488[110, 117, 297, 317, 134, 62, 42, 35]
21.503[106, 113, 285, 315, 130, 63, 41, 35]
21.517[112, 124, 300, 313, 128, 64, 42, 34]
21.54[99, 110, 312, 287, 104, 54, 43, 34]
21.563[96, 106, 289, 245, 100, 60, 46, 33]
21.579[102, 103, 283, 178, 109, 60, 46, 37]
21.6[101, 106, 284, 243, 112, 57, 48, 37]
21.624[95, 91, 266, 250, 110, 53, 46, 36]
21.637[96, 88, 235, 254, 114, 52, 49, 36]
21.661[89, 83, 320, 259, 117, 48, 51, 37]
21.683[79, 84, 317, 254, 104, 45, 50, 31]
21.697[99, 96, 354, 215, 102, 44, 47, 29]
21.72[97, 96, 368, 221, 108, 41, 44, 28]
21.743[100, 96, 379, 234, 109, 43, 39, 27]
21.758[95, 91, 307, 233, 104, 45, 38, 25]
21.78[98, 94, 297, 237, 101, 48, 41, 27]
21.804[77, 75, 250, 244, 97, 50, 42, 28]
21.818[82, 83, 241, 238, 103, 55, 45, 33]
21.84[82, 94, 264, 205, 88, 52, 43, 31]
21.864[85, 97, 305, 223, 87, 48, 40, 35]
21.877[86, 97, 312, 222, 84, 45, 40, 34]
21.9[85, 102, 343, 252, 95, 45, 37, 32]
21.924[98, 102, 337, 254, 80, 40, 35, 31]
21.938[88, 91, 309, 254, 81, 40, 34, 33]
21.96[95, 89, 286, 245, 85, 43, 36, 30]
21.983[92, 91, 312, 254, 88, 46, 36, 29]
21.999[115, 103, 276, 207, 85, 49, 40, 35]
22.02[102, 91, 262, 202, 86, 47, 40, 35]
22.044[101, 88, 243, 202, 88, 47, 41, 35]
22.066[97, 88, 222, 180, 83, 43, 38, 35]
22.082[92, 78, 177, 197, 90, 44, 38, 37]
22.104[65, 60, 173, 191, 87, 41, 36, 33]
22.117[64, 80, 239, 210, 103, 46, 36, 31]
22.14[67, 82, 256, 209, 103, 46, 36, 31]
22.164[62, 85, 273, 217, 104, 44, 35, 31]
22.179[68, 92, 282, 190, 100, 44, 37, 30]
22.201[71, 97, 274, 209, 95, 40, 36, 28]
22.224[83, 91, 218, 189, 95, 38, 37, 29]
22.246[87, 92, 237, 190, 93, 37, 35, 28]
22.261[92, 95, 218, 188, 91, 40, 35, 27]
22.284[89, 98, 261, 178, 89, 37, 32, 25]
22.306[92, 95, 336, 188, 94, 38, 32, 27]
22.321[78, 87, 339, 199, 80, 36, 33, 31]
22.344[78, 88, 333, 206, 90, 42, 36, 32]
22.366[72, 84, 364, 191, 88, 43, 37, 36]
22.381[81, 78, 347, 210, 88, 42, 38, 36]
22.403[80, 82, 322, 193, 84, 43, 37, 37]
22.426[79, 83, 332, 188, 89, 42, 36, 34]
22.442[79, 84, 321, 196, 96, 48, 37, 34]
22.463[87, 87, 296, 216, 107, 47, 38, 36]
22.494[86, 92, 286, 201, 106, 50, 35, 36]
22.501[80, 84, 265, 184, 109, 52, 38, 35]
22.524[86, 89, 272, 196, 112, 56, 40, 36]
22.545[83, 87, 276, 186, 100, 50, 36, 34]
22.561[77, 86, 276, 168, 94, 49, 34, 31]
22.584[75, 84, 288, 183, 93, 46, 36, 32]
22.606[72, 86, 269, 207, 94, 45, 39, 34]
22.621[64, 83, 299, 198, 87, 43, 38, 34]
22.643[72, 83, 295, 189, 85, 42, 39, 35]
22.666[67, 77, 308, 196, 77, 40, 40, 32]
22.682[64, 84, 305, 180, 80, 43, 39, 32]
22.703[75, 93, 328, 197, 87, 45, 35, 31]
22.728[81, 93, 294, 190, 88, 43, 36, 32]
22.74[97, 103, 308, 210, 89, 46, 39, 35]
22.763[99, 108, 316, 221, 91, 47, 40, 38]
22.786[101, 104, 312, 244, 97, 47, 42, 40]
22.8[93, 95, 284, 203, 82, 40, 40, 39]
22.823[88, 100, 305, 195, 77, 41, 37, 38]
22.846[67, 99, 296, 191, 75, 39, 35, 35]
22.86[61, 94, 302, 183, 75, 37, 32, 32]
22.883[59, 95, 309, 176, 68, 39, 28, 30]
22.907[58, 95, 317, 194, 80, 42, 30, 29]
22.92[61, 87, 312, 203, 84, 42, 30, 28]
22.944[55, 76, 330, 209, 92, 45, 29, 27]
22.966[72, 83, 317, 205, 92, 47, 29, 30]
22.98[67, 72, 293, 180, 88, 43, 29, 28]
23.003[70, 73, 290, 170, 86, 44, 31, 29]
23.033[71, 93, 307, 190, 88, 44, 32, 31]
23.04[80, 98, 294, 177, 84, 42, 35, 31]
23.063[71, 97, 296, 173, 81, 41, 35, 30]
23.087[73, 107, 311, 184, 90, 42, 36, 31]
23.101[68, 104, 331, 192, 85, 40, 32, 29]
23.124[78, 107, 329, 177, 77, 39, 31, 28]
23.146[70, 103, 324, 171, 73, 37, 27, 28]
23.169[71, 102, 303, 172, 76, 38, 26, 29]
23.184[69, 95, 297, 169, 67, 38, 25, 28]
23.206[71, 94, 259, 172, 72, 40, 28, 28]
23.228[66, 74, 239, 167, 75, 39, 31, 29]
23.244[70, 84, 268, 163, 74, 40, 33, 29]
23.266[67, 82, 270, 155, 75, 40, 32, 28]
23.289[69, 82, 259, 155, 79, 40, 33, 28]
23.305[72, 91, 284, 151, 82, 42, 36, 30]
23.326[67, 99, 294, 181, 82, 42, 35, 28]
23.35[63, 86, 261, 187, 84, 40, 33, 28]
23.363[65, 90, 275, 202, 88, 40, 35, 31]
23.387[66, 86, 294, 209, 85, 40, 33, 30]
23.409[61, 75, 275, 204, 80, 37, 30, 29]
23.423[57, 57, 242, 177, 78, 39, 32, 31]
23.446[56, 55, 237, 202, 79, 38, 31, 29]
23.468[51, 56, 234, 202, 70, 38, 31, 24]
23.483[52, 73, 221, 218, 72, 37, 33, 29]
23.506[53, 77, 235, 217, 72, 36, 32, 27]
23.529[53, 79, 227, 246, 88, 41, 33, 29]
23.543[51, 80, 256, 268, 95, 46, 36, 31]
23.566[51, 80, 254, 268, 103, 47, 38, 31]
23.589[58, 71, 261, 250, 109, 53, 40, 32]
23.603[65, 77, 253, 247, 110, 55, 40, 32]
23.626[64, 76, 256, 236, 99, 51, 37, 29]
23.649[62, 77, 251, 194, 89, 47, 35, 29]
23.664[70, 71, 248, 198, 89, 46, 34, 32]
23.687[63, 79, 257, 208, 79, 39, 30, 29]
23.708[59, 73, 277, 208, 80, 38, 30, 29]
23.724[60, 77, 284, 187, 83, 38, 31, 30]
23.748[65, 94, 286, 174, 82, 38, 33, 31]
23.768[56, 96, 272, 167, 78, 39, 31, 28]
23.784[55, 87, 261, 180, 91, 40, 33, 28]
23.806[52, 90, 232, 177, 86, 37, 33, 28]
23.83[53, 83, 224, 171, 78, 34, 33, 26]
23.844[49, 65, 183, 174, 78, 36, 32, 24]
23.866[64, 67, 188, 182, 81, 37, 33, 27]
23.888[60, 62, 164, 143, 58, 37, 30, 27]
23.904[60, 56, 176, 141, 60, 39, 29, 26]
23.926[58, 58, 169, 142, 62, 38, 29, 26]
23.948[56, 60, 217, 141, 60, 35, 27, 26]
23.964[40, 62, 218, 102, 52, 32, 26, 22]
23.985[46, 121, 214, 120, 62, 29, 25, 24]
24.008[73, 305, 253, 121, 60, 27, 25, 25]
24.024[78, 332, 268, 117, 60, 30, 23, 24]
24.045[84, 367, 231, 102, 59, 29, 25, 26]
24.068[93, 392, 257, 118, 64, 29, 25, 29]
24.084[134, 500, 405, 105, 57, 30, 26, 30]
24.105[134, 461, 380, 101, 58, 32, 24, 31]
24.128[135, 479, 373, 101, 60, 35, 27, 33]
24.15[140, 516, 381, 99, 61, 36, 28, 35]
24.167[139, 576, 374, 103, 55, 35, 28, 35]
24.188[114, 497, 275, 170, 73, 39, 30, 33]
24.21[109, 484, 305, 186, 77, 39, 31, 32]
24.226[122, 543, 338, 193, 75, 36, 29, 32]
24.248[128, 502, 368, 200, 79, 37, 31, 33]
24.27[126, 455, 372, 200, 81, 40, 32, 35]
24.285[113, 510, 331, 151, 66, 36, 31, 35]
24.308[107, 567, 315, 134, 59, 34, 31, 34]
24.331[98, 550, 327, 142, 60, 33, 33, 35]
24.345[82, 558, 314, 141, 59, 34, 32, 33]
24.368[87, 541, 301, 126, 50, 29, 33, 32]
24.39[85, 472, 317, 118, 44, 31, 34, 33]
24.406[83, 371, 312, 114, 45, 52, 41, 34]
24.428[80, 264, 305, 87, 90, 188, 110, 130]
24.458[78, 220, 315, 79, 100, 212, 120, 195]
24.465[67, 167, 311, 78, 101, 214, 120, 201]
24.488[105, 308, 284, 67, 102, 215, 122, 208]
24.51[114, 323, 270, 64, 103, 215, 124, 216]
24.525[119, 350, 211, 61, 69, 129, 77, 180]
24.548[127, 377, 229, 58, 53, 92, 65, 113]
24.57[126, 377, 218, 56, 52, 91, 65, 122]
24.595[96, 271, 219, 55, 50, 87, 61, 113]
24.61[87, 254, 214, 54, 44, 75, 52, 100]
24.64[69, 217, 218, 51, 40, 55, 37, 92]
24.645[53, 170, 192, 46, 34, 36, 29, 84]
24.669[52, 173, 197, 43, 27, 30, 24, 50]
24.69[49, 166, 191, 41, 25, 28, 21, 45]
24.705[40, 150, 196, 40, 26, 30, 21, 40]
24.728[33, 114, 186, 36, 28, 27, 19, 34]
24.75[24, 85, 126, 27, 28, 25, 20, 31]
24.765[36, 95, 162, 35, 28, 25, 20, 24]
24.788[42, 100, 167, 40, 29, 26, 23, 21]
24.81[41, 100, 173, 38, 27, 25, 26, 22]
24.825[44, 100, 173, 40, 25, 23, 27, 23]
24.849[43, 100, 178, 44, 23, 24, 26, 22]
24.87[34, 67, 149, 41, 26, 23, 28, 25]
24.887[46, 64, 150, 48, 33, 25, 27, 26]
24.909[50, 71, 152, 49, 34, 23, 25, 24]
24.93[48, 68, 151, 47, 34, 25, 25, 24]
24.945[51, 61, 122, 44, 33, 24, 24, 24]
24.968[50, 61, 109, 41, 31, 25, 24, 20]
24.99[35, 58, 143, 28, 25, 26, 25, 20]
25.005[30, 51, 162, 27, 22, 25, 23, 21]
25.028[30, 66, 172, 27, 21, 24, 23, 22]
25.05[27, 65, 174, 29, 22, 23, 23, 22]
25.082[28, 64, 177, 28, 26, 24, 22, 24]
25.087[25, 61, 139, 28, 26, 21, 20, 25]
25.111[25, 56, 106, 29, 29, 21, 21, 25]
25.133[25, 38, 111, 29, 30, 22, 22, 23]
25.148[27, 40, 127, 27, 30, 24, 24, 24]
25.17[29, 42, 123, 26, 27, 23, 21, 23]
25.193[28, 40, 118, 25, 30, 22, 22, 21]
25.207[27, 38, 111, 26, 28, 25, 21, 21]
25.23[26, 45, 128, 26, 29, 26, 20, 20]
25.254[24, 49, 141, 25, 27, 25, 21, 24]
25.27[20, 48, 140, 25, 27, 26, 20, 24]
25.292[20, 46, 141, 27, 25, 43, 20, 25]
25.312[22, 50, 145, 27, 25, 47, 23, 26]
25.328[22, 42, 114, 26, 22, 48, 24, 26]
25.35[21, 37, 78, 27, 23, 48, 22, 21]
25.373[23, 34, 74, 26, 23, 48, 23, 21]
25.388[24, 39, 73, 25, 22, 34, 23, 21]
25.41[21, 36, 67, 24, 22, 29, 22, 21]
25.433[21, 34, 63, 26, 25, 26, 21, 22]
25.448[22, 32, 54, 25, 25, 26, 22, 21]
25.47[18, 33, 47, 26, 24, 26, 22, 20]
25.494[19, 29, 45, 26, 28, 25, 21, 20]
25.507[20, 27, 34, 27, 28, 24, 20, 20]
25.531[21, 29, 30, 26, 27, 23, 19, 19]
25.553[21, 28, 27, 26, 28, 23, 21, 19]
25.567[23, 26, 26, 27, 29, 22, 21, 19]
25.59[21, 22, 22, 26, 27, 21, 22, 19]
25.613[21, 27, 25, 26, 28, 21, 21, 18]
25.635[19, 26, 24, 27, 27, 21, 21, 20]
25.65[20, 26, 22, 27, 25, 22, 24, 23]
25.673[18, 26, 24, 30, 28, 24, 23, 23]
25.688[19, 27, 25, 31, 28, 25, 25, 24]
25.71[19, 23, 22, 31, 27, 24, 24, 24]
25.734[19, 24, 22, 32, 27, 25, 25, 23]
25.748[19, 24, 24, 31, 30, 25, 22, 21]
25.771[19, 24, 22, 27, 26, 22, 22, 19]
25.793[20, 24, 21, 26, 26, 24, 21, 20]
25.808[19, 24, 24, 27, 30, 27, 23, 21]
25.83[19, 22, 26, 27, 32, 26, 22, 21]
25.853[18, 23, 27, 26, 29, 25, 22, 22]
25.868[18, 23, 27, 25, 31, 26, 22, 23]
25.89[16, 24, 27, 27, 29, 25, 21, 21]
25.913[22, 25, 26, 24, 25, 22, 21, 21]
25.928[22, 24, 24, 23, 25, 20, 21, 21]
25.95[22, 23, 23, 23, 28, 20, 20, 21]
25.973[22, 23, 23, 22, 28, 23, 22, 21]
25.996[24, 21, 24, 19, 28, 22, 22, 20]
26.01[22, 21, 24, 20, 29, 22, 24, 19]
26.033[22, 21, 23, 21, 27, 22, 23, 19]
26.056[23, 21, 24, 25, 27, 22, 23, 19]
26.07[22, 22, 26, 26, 26, 22, 22, 19]
26.092[21, 22, 25, 26, 25, 22, 22, 19]
26.116[19, 22, 24, 25, 24, 21, 21, 21]
26.131[20, 23, 26, 25, 25, 23, 23, 22]
26.153[19, 23, 25, 21, 21, 24, 24, 21]
26.176[20, 24, 23, 21, 22, 22, 24, 21]
26.191[19, 26, 22, 22, 23, 23, 25, 21]
26.213[19, 24, 22, 23, 25, 23, 24, 19]
26.236[19, 25, 20, 22, 24, 23, 25, 16]
26.25[18, 25, 19, 22, 23, 21, 23, 19]
26.273[19, 24, 18, 21, 23, 23, 23, 19]
26.296[19, 23, 19, 23, 23, 22, 23, 20]
26.31[18, 24, 19, 23, 23, 24, 23, 21]
26.333[19, 25, 20, 23, 26, 24, 20, 22]
26.364[20, 29, 28, 25, 27, 24, 21, 22]
26.37[18, 29, 32, 27, 27, 23, 19, 20]
26.402[18, 29, 32, 24, 25, 24, 18, 19]
26.416[21, 29, 34, 26, 25, 22, 21, 20]
26.43[19, 26, 34, 25, 24, 22, 21, 20]
26.453[20, 21, 27, 25, 24, 21, 20, 18]
26.476[20, 18, 24, 24, 24, 21, 20, 19]
26.49[22, 21, 22, 26, 24, 21, 21, 20]
26.513[19, 21, 20, 28, 24, 23, 21, 20]
26.536[20, 24, 19, 29, 24, 23, 22, 20]
26.55[21, 23, 19, 27, 24, 23, 22, 21]
26.58[22, 25, 20, 27, 24, 27, 23, 21]
26.596[20, 24, 20, 23, 23, 25, 23, 19]
26.61[22, 24, 18, 23, 22, 25, 21, 19]
26.632[22, 23, 20, 22, 22, 26, 21, 20]
26.656[21, 24, 21, 25, 21, 27, 21, 21]
26.67[21, 26, 30, 26, 22, 23, 20, 19]
26.693[21, 25, 39, 29, 22, 23, 22, 22]
26.716[22, 27, 43, 28, 23, 24, 22, 23]
26.73[23, 26, 44, 27, 22, 22, 22, 22]
26.753[24, 27, 44, 27, 25, 21, 21, 23]
26.776[24, 25, 38, 25, 24, 22, 21, 23]
26.79[24, 26, 30, 29, 29, 23, 20, 23]
26.813[22, 28, 29, 29, 29, 21, 19, 20]
26.836[20, 28, 27, 28, 28, 21, 20, 21]
26.85[19, 27, 27, 29, 26, 22, 20, 19]
26.873[19, 27, 27, 32, 30, 21, 21, 19]
26.896[18, 26, 27, 27, 26, 22, 23, 19]
26.91[20, 21, 23, 27, 26, 23, 22, 19]
26.933[21, 22, 25, 29, 27, 23, 21, 20]
26.956[21, 22, 25, 30, 30, 24, 22, 20]
26.978[21, 24, 25, 28, 26, 25, 23, 20]
26.993[20, 23, 26, 27, 25, 22, 20, 17]
27.018[20, 23, 26, 27, 26, 22, 21, 18]
27.039[18, 22, 22, 24, 25, 21, 21, 18]
27.052[19, 23, 22, 21, 22, 20, 20, 18]
27.076[19, 23, 23, 22, 22, 22, 18, 17]
27.098[20, 24, 22, 23, 22, 23, 20, 20]
27.112[19, 23, 24, 22, 21, 23, 20, 19]
27.136[20, 25, 25, 24, 24, 23, 21, 18]
27.158[18, 23, 25, 25, 25, 25, 21, 18]
27.174[20, 23, 23, 24, 25, 23, 22, 18]
27.196[18, 24, 25, 24, 26, 24, 21, 20]
27.218[19, 25, 23, 22, 25, 24, 21, 20]
27.232[20, 24, 23, 22, 23, 24, 20, 20]
27.257[20, 24, 22, 22, 22, 23, 19, 21]
27.278[19, 23, 25, 24, 22, 20, 17, 22]
27.292[21, 23, 24, 23, 21, 21, 16, 20]
27.316[19, 22, 24, 26, 24, 19, 16, 20]
27.338[19, 23, 24, 29, 25, 23, 19, 21]
27.353[20, 25, 24, 28, 26, 22, 21, 22]
27.376[20, 24, 22, 28, 25, 22, 21, 22]
27.398[19, 21, 22, 28, 26, 21, 21, 22]
27.413[20, 23, 24, 27, 24, 24, 24, 23]
27.436[23, 20, 23, 25, 22, 22, 22, 22]
27.458[23, 20, 25, 25, 21, 21, 22, 21]
27.472[23, 21, 24, 24, 22, 22, 25, 21]
27.496[24, 22, 24, 26, 22, 25, 24, 21]
27.518[24, 20, 21, 25, 22, 22, 24, 20]
27.533[21, 20, 21, 26, 22, 21, 24, 21]
27.556[23, 21, 18, 26, 24, 23, 23, 21]
27.578[22, 21, 19, 26, 25, 24, 20, 21]
27.594[20, 23, 20, 23, 24, 21, 21, 22]
27.616[21, 25, 20, 24, 24, 24, 19, 23]
27.639[20, 24, 21, 23, 27, 24, 20, 25]
27.661[16, 25, 22, 24, 26, 23, 20, 23]
27.677[16, 23, 23, 24, 25, 22, 21, 22]
27.698[16, 23, 24, 25, 24, 24, 24, 25]
27.713[17, 22, 26, 23, 25, 23, 23, 24]
27.736[18, 20, 25, 23, 23, 22, 25, 21]
27.758[19, 20, 26, 23, 23, 24, 25, 21]
27.772[20, 21, 26, 21, 22, 24, 24, 23]
27.796[20, 20, 23, 21, 24, 24, 22, 20]
27.818[20, 21, 23, 25, 28, 25, 23, 21]
27.834[20, 22, 23, 25, 29, 26, 23, 22]
27.856[20, 22, 21, 23, 27, 24, 24, 24]
27.879[18, 22, 22, 26, 29, 24, 24, 23]
27.9[19, 21, 23, 25, 29, 25, 21, 22]
27.916[18, 23, 22, 21, 25, 23, 23, 22]
27.938[17, 23, 21, 22, 22, 22, 22, 19]
27.96[17, 22, 21, 23, 23, 24, 21, 19]
27.976[20, 24, 24, 20, 21, 24, 22, 19]
27.998[21, 23, 25, 20, 22, 21, 24, 19]
28.022[21, 21, 27, 21, 23, 23, 21, 18]
28.035[21, 21, 27, 21, 26, 23, 23, 19]
28.059[22, 22, 27, 20, 25, 24, 23, 20]
28.081[23, 21, 23, 20, 27, 24, 23, 20]
28.103[21, 22, 22, 21, 27, 24, 22, 19]
28.118[24, 22, 19, 20, 25, 22, 22, 21]
28.14[24, 24, 21, 21, 23, 23, 21, 21]
28.155[24, 22, 21, 22, 25, 21, 20, 20]
28.178[23, 21, 20, 23, 25, 25, 22, 21]
28.2[23, 19, 21, 24, 23, 23, 23, 22]
28.216[23, 22, 21, 25, 24, 25, 24, 21]
28.24[23, 20, 19, 25, 23, 24, 23, 20]
28.261[22, 21, 19, 25, 23, 24, 24, 20]
28.276[22, 21, 20, 25, 22, 20, 22, 18]
28.306[22, 23, 22, 25, 23, 22, 21, 21]
28.321[21, 20, 22, 26, 22, 21, 23, 20]
28.336[20, 20, 22, 28, 23, 23, 24, 22]
28.358[20, 21, 22, 27, 23, 23, 24, 21]
28.38[19, 21, 22, 27, 23, 24, 24, 20]
28.395[20, 20, 20, 25, 23, 24, 23, 20]
28.426[19, 20, 21, 22, 24, 26, 23, 21]
28.441[21, 22, 21, 19, 23, 23, 20, 20]
28.456[23, 21, 21, 22, 23, 23, 20, 22]
28.478[25, 21, 22, 22, 24, 23, 20, 22]
28.501[23, 23, 20, 23, 25, 23, 21, 21]
28.515[24, 25, 19, 24, 25, 21, 19, 22]
28.538[23, 25, 21, 27, 26, 22, 22, 22]
28.561[22, 26, 22, 25, 24, 25, 24, 21]
28.575[20, 27, 26, 26, 23, 24, 25, 21]
28.599[21, 26, 27, 24, 21, 25, 25, 21]
28.621[21, 23, 28, 24, 23, 25, 25, 19]
28.642[22, 25, 29, 23, 25, 26, 22, 18]
28.659[22, 24, 28, 25, 26, 25, 22, 19]
28.68[24, 22, 23, 25, 27, 24, 21, 20]
28.705[24, 21, 22, 25, 28, 26, 20, 20]
28.72[24, 23, 23, 25, 26, 26, 21, 21]
28.743[23, 22, 21, 27, 23, 25, 22, 22]
28.77[21, 22, 22, 26, 22, 23, 21, 22]
28.779[19, 23, 21, 27, 22, 24, 23, 23]
28.8[20, 23, 21, 28, 21, 22, 26, 22]
28.823[20, 22, 20, 26, 20, 21, 25, 20]
28.84[19, 21, 19, 25, 20, 24, 23, 20]
28.86[20, 21, 19, 24, 20, 23, 26, 19]
28.884[21, 22, 23, 25, 24, 26, 25, 18]
28.9[20, 24, 24, 23, 25, 25, 24, 20]
28.92[20, 24, 24, 28, 27, 25, 24, 21]
28.943[21, 25, 25, 27, 26, 23, 25, 21]
28.962[20, 23, 25, 27, 28, 27, 21, 22]
28.98[19, 22, 22, 27, 26, 24, 23, 23]
29.003[19, 19, 22, 27, 27, 23, 23, 22]
29.019