[34, 38, 164, 103, 46, 29, 27, 50]
1.049[34, 40, 157, 123, 58, 32, 29, 30]
1.064[38, 47, 168, 118, 55, 32, 28, 29]
1.086[39, 47, 166, 116, 55, 29, 28, 29]
1.109[35, 45, 147, 109, 56, 28, 29, 28]
1.124[35, 44, 139, 98, 50, 26, 26, 27]
1.146[37, 44, 139, 96, 50, 23, 25, 23]
1.172[32, 41, 156, 99, 49, 21, 24, 22]
1.184[32, 40, 158, 104, 49, 22, 21, 20]
1.206[29, 41, 159, 111, 49, 23, 20, 21]
1.229[28, 42, 155, 113, 49, 23, 21, 23]
1.244[42, 59, 186, 101, 35, 27, 24, 24]
1.266[41, 63, 202, 105, 35, 26, 25, 24]
1.289[45, 68, 208, 105, 35, 26, 26, 25]
1.312[45, 67, 208, 95, 34, 25, 25, 25]
1.327[46, 67, 212, 102, 40, 26, 24, 24]
1.349[32, 52, 197, 101, 46, 23, 23, 23]
1.372[32, 47, 163, 101, 50, 26, 24, 25]
1.386[27, 40, 153, 97, 50, 30, 23, 25]
1.409[29, 42, 152, 94, 50, 32, 23, 23]
1.432[28, 42, 160, 85, 51, 32, 24, 22]
1.446[27, 41, 137, 84, 51, 35, 23, 22]
1.469[27, 41, 142, 80, 48, 32, 21, 20]
1.492[31, 42, 147, 87, 50, 29, 22, 22]
1.506[30, 40, 152, 87, 49, 28, 23, 22]
1.528[32, 39, 136, 88, 46, 27, 21, 23]
1.553[34, 40, 139, 120, 43, 22, 20, 23]
1.567[36, 42, 167, 138, 46, 23, 20, 23]
1.589[37, 43, 169, 133, 43, 24, 22, 22]
1.612[38, 46, 204, 138, 44, 25, 22, 22]
1.626[36, 49, 211, 136, 41, 25, 23, 22]
1.649[36, 49, 207, 111, 48, 29, 24, 23]
1.672[35, 48, 189, 90, 44, 32, 24, 26]
1.688[33, 52, 209, 108, 48, 32, 26, 26]
1.71[32, 52, 185, 117, 57, 31, 25, 26]
1.733[33, 47, 174, 113, 58, 31, 24, 26]
1.746[34, 46, 172, 122, 49, 28, 24, 25]
1.77[32, 43, 162, 122, 49, 25, 24, 22]
1.8[31, 37, 145, 116, 47, 23, 21, 21]
1.806[31, 33, 127, 101, 37, 22, 22, 21]
1.829[35, 34, 134, 102, 36, 26, 22, 22]
1.852[34, 35, 117, 78, 38, 23, 21, 22]
1.866[36, 38, 125, 69, 36, 24, 21, 23]
1.888[38, 37, 103, 53, 33, 27, 21, 25]
1.912[38, 42, 145, 73, 34, 28, 21, 24]
1.935[35, 42, 153, 78, 35, 26, 20, 23]
1.957[37, 43, 154, 85, 37, 28, 24, 24]
1.972[34, 43, 154, 119, 42, 27, 25, 25]
1.997[32, 47, 204, 143, 47, 27, 25, 25]
2.017[34, 43, 183, 142, 52, 29, 24, 26]
2.032[34, 43, 179, 151, 54, 28, 25, 24]
2.054[30, 45, 194, 158, 55, 27, 24, 25]
2.077[31, 50, 239, 146, 56, 28, 23, 23]
2.092[30, 50, 221, 127, 54, 26, 25, 22]
2.114[26, 51, 218, 136, 50, 22, 24, 20]
2.139[29, 53, 229, 127, 49, 23, 24, 19]
2.151[34, 59, 230, 126, 49, 27, 22, 19]
2.175[34, 55, 182, 117, 43, 26, 22, 20]
2.197[45, 62, 168, 125, 46, 28, 21, 25]
2.212[46, 62, 178, 108, 44, 28, 22, 25]
2.234[46, 63, 193, 107, 43, 28, 23, 27]
2.257[42, 58, 194, 104, 40, 24, 21, 26]
2.272[42, 56, 197, 103, 41, 26, 20, 26]
2.294[37, 52, 197, 97, 40, 23, 20, 23]
2.324[35, 50, 187, 102, 41, 23, 23, 22]
2.333[34, 51, 185, 112, 41, 23, 22, 23]
2.354[37, 50, 204, 107, 39, 23, 22, 23]
2.377[37, 52, 205, 110, 41, 22, 23, 24]
2.393[30, 45, 208, 103, 38, 22, 23, 24]
2.415[32, 51, 209, 98, 38, 22, 21, 25]
2.438[30, 47, 201, 100, 44, 24, 21, 24]
2.451[30, 45, 180, 112, 46, 23, 22, 24]
2.474[30, 47, 172, 107, 44, 23, 22, 23]
2.497[29, 45, 162, 116, 46, 25, 21, 21]
2.511[34, 41, 159, 124, 47, 24, 19, 21]
2.534[35, 46, 149, 118, 44, 22, 21, 22]
2.557[35, 49, 131, 102, 44, 23, 20, 20]
2.572[34, 47, 141, 104, 46, 24, 21, 20]
2.596[35, 46, 145, 96, 44, 23, 24, 22]
2.617[32, 52, 162, 100, 41, 23, 25, 23]
2.632[33, 50, 150, 102, 41, 22, 24, 21]
2.654[33, 45, 189, 115, 40, 22, 24, 22]
2.677[34, 46, 181, 118, 38, 21, 23, 23]
2.691[31, 50, 178, 131, 43, 21, 21, 22]
2.714[30, 44, 165, 119, 46, 24, 21, 21]
2.737[31, 46, 194, 112, 46, 28, 22, 24]
2.76[31, 51, 185, 103, 47, 27, 22, 23]
2.775[31, 55, 180, 101, 49, 27, 23, 24]
2.797[32, 52, 178, 99, 45, 26, 23, 25]
2.821[33, 53, 185, 103, 43, 26, 22, 24]
2.834[32, 49, 148, 102, 41, 24, 21, 24]
2.858[32, 53, 138, 104, 44, 24, 20, 26]
2.879[30, 45, 133, 117, 46, 26, 20, 22]
2.895[32, 59, 241, 100, 45, 26, 21, 24]
2.916[31, 59, 243, 104, 45, 24, 20, 24]
2.939[29, 60, 249, 112, 49, 24, 20, 23]
2.955[28, 53, 232, 107, 45, 25, 21, 20]
2.976[30, 53, 247, 98, 44, 25, 21, 22]
3.0[30, 41, 156, 125, 50, 23, 20, 21]
3.016[30, 43, 174, 122, 51, 23, 21, 22]
3.037[29, 41, 175, 116, 48, 26, 22, 22]
3.058[27, 41, 180, 121, 48, 25, 21, 23]
3.075[32, 51, 157, 115, 45, 24, 21, 21]
3.096[31, 52, 165, 111, 38, 26, 20, 23]
3.119[32, 52, 168, 114, 38, 27, 20, 22]
3.135[34, 52, 166, 118, 33, 25, 22, 22]
3.156[38, 59, 170, 117, 36, 27, 23, 23]
3.178[31, 54, 195, 117, 43, 29, 21, 23]
3.195[33, 51, 181, 110, 49, 30, 22, 23]
3.217[36, 51, 159, 120, 49, 30, 22, 23]
3.239[36, 51, 196, 120, 50, 29, 22, 24]
3.255[34, 47, 195, 113, 48, 28, 20, 23]
3.276[35, 46, 216, 127, 45, 26, 21, 25]
3.3[35, 49, 221, 121, 42, 24, 22, 25]
3.323[32, 44, 217, 107, 41, 24, 21, 25]
3.336[31, 45, 179, 103, 42, 24, 22, 23]
3.359[29, 47, 237, 131, 51, 26, 20, 24]
3.375[30, 49, 208, 124, 51, 27, 20, 23]
3.396[30, 48, 216, 132, 55, 26, 21, 22]
3.419[35, 61, 232, 141, 55, 28, 24, 23]
3.435[35, 63, 242, 147, 58, 27, 23, 23]
3.463[36, 60, 191, 130, 49, 25, 26, 23]
3.479[37, 62, 248, 131, 47, 28, 26, 24]
3.496[38, 65, 272, 138, 58, 31, 25, 24]
3.516[33, 54, 269, 141, 58, 30, 23, 23]
3.539[33, 52, 266, 140, 59, 33, 23, 24]
3.555[32, 55, 264, 161, 62, 33, 22, 24]
3.576[30, 48, 242, 154, 63, 30, 23, 23]
3.599[27, 43, 207, 137, 47, 27, 22, 23]
3.615[27, 41, 195, 129, 46, 26, 21, 21]
3.637[31, 44, 195, 128, 44, 24, 19, 22]
3.666[32, 41, 240, 97, 44, 23, 19, 21]
3.675[32, 46, 228, 101, 44, 25, 20, 22]
3.704[35, 50, 233, 106, 42, 25, 20, 22]
3.72[35, 53, 233, 129, 45, 25, 21, 23]
3.741[35, 58, 271, 123, 44, 26, 22, 21]
3.756[35, 63, 245, 120, 40, 26, 21, 20]
3.786[35, 59, 222, 122, 42, 27, 19, 19]
3.801[36, 60, 213, 114, 42, 28, 19, 18]
3.816[37, 63, 225, 84, 39, 28, 18, 19]
3.839[33, 58, 227, 86, 38, 26, 19, 18]
3.862[32, 53, 222, 88, 37, 24, 21, 18]
3.876[32, 56, 220, 89, 36, 23, 22, 20]
3.899[29, 53, 233, 91, 36, 23, 23, 21]
3.922[29, 46, 248, 113, 38, 22, 23, 20]
3.937[30, 47, 215, 116, 37, 22, 21, 20]
3.959[32, 53, 213, 113, 40, 25, 22, 22]
3.981[38, 57, 243, 113, 39, 24, 22, 19]
3.996[37, 58, 242, 120, 40, 23, 21, 19]
4.019[39, 66, 229, 91, 39, 26, 22, 21]
4.041[42, 77, 280, 91, 41, 27, 24, 26]
4.056[41, 75, 303, 116, 44, 27, 22, 28]
4.08[36, 70, 287, 135, 57, 30, 25, 29]
4.102[36, 72, 293, 133, 58, 28, 25, 28]
4.119[35, 72, 328, 140, 58, 27, 24, 29]
4.138[38, 62, 299, 170, 63, 28, 24, 27]
4.163[39, 74, 328, 176, 65, 30, 27, 26]
4.176[40, 75, 358, 232, 64, 30, 26, 26]
4.199[42, 81, 375, 240, 66, 30, 26, 27]
4.221[42, 77, 362, 250, 73, 30, 27, 25]
4.236[38, 81, 368, 278, 77, 29, 28, 25]
4.259[40, 103, 543, 352, 97, 35, 31, 29]
4.281[40, 123, 542, 331, 95, 35, 30, 29]
4.297[49, 274, 565, 351, 100, 40, 32, 34]
4.319[50, 299, 708, 451, 119, 45, 37, 35]
4.342[53, 332, 957, 495, 136, 58, 45, 41]
4.356[71, 419, 891, 470, 142, 62, 47, 49]
4.378[81, 470, 954, 462, 141, 65, 52, 56]
4.401[94, 422, 958, 450, 149, 83, 72, 81]
4.416[112, 451, 897, 404, 138, 92, 79, 96]
4.439[148, 465, 763, 340, 122, 100, 94, 119]
4.461[156, 462, 794, 356, 107, 105, 101, 126]
4.476[186, 449, 857, 416, 122, 115, 108, 133]
4.499[204, 487, 950, 461, 118, 104, 102, 123]
4.521[229, 486, 1076, 576, 130, 109, 112, 136]
4.544[213, 541, 1207, 739, 168, 105, 107, 131]
4.559[236, 542, 1227, 766, 189, 127, 124, 153]
4.582[236, 576, 1248, 793, 194, 122, 123, 155]
4.596[252, 559, 1254, 834, 224, 153, 151, 188]
4.618[236, 572, 1225, 845, 263, 167, 155, 190]
4.641[259, 540, 1132, 754, 254, 163, 151, 182]
4.664[285, 627, 1177, 793, 274, 164, 153, 186]
4.679[281, 694, 1138, 798, 272, 172, 158, 187]
4.709[269, 710, 1177, 806, 284, 164, 146, 169]
4.726[267, 699, 1149, 763, 254, 144, 134, 154]
4.739[290, 732, 1305, 886, 287, 162, 148, 176]
4.762[275, 654, 1279, 927, 289, 158, 144, 168]
4.784[272, 579, 1320, 929, 301, 160, 143, 169]
4.799[254, 562, 1323, 1075, 356, 163, 135, 155]
4.821[250, 555, 1323, 1067, 363, 174, 143, 161]
4.844[206, 509, 1127, 1030, 349, 167, 135, 146]
4.859[192, 587, 1223, 955, 330, 161, 130, 135]
4.881[188, 560, 1232, 946, 326, 163, 136, 140]
4.904[208, 636, 1236, 742, 230, 145, 130, 143]
4.919[219, 649, 1244, 736, 220, 144, 133, 146]
4.942[215, 676, 1252, 703, 211, 139, 132, 145]
4.964[198, 592, 1098, 762, 229, 143, 137, 146]
4.987[199, 580, 967, 780, 222, 128, 121, 129]
5.001[214, 608, 895, 828, 254, 135, 124, 132]
5.024[212, 674, 853, 860, 245, 119, 109, 123]
5.039[219, 656, 896, 798, 235, 121, 110, 129]
5.061[201, 632, 933, 806, 241, 114, 94, 114]
5.083[202, 682, 983, 845, 256, 119, 99, 118]
5.099[190, 568, 998, 813, 221, 106, 92, 110]
5.121[178, 469, 968, 841, 257, 123, 103, 112]
5.146[162, 404, 911, 826, 248, 116, 95, 96]
5.159[165, 397, 971, 776, 219, 108, 94, 100]
5.182[167, 340, 973, 709, 203, 105, 90, 96]
5.203[139, 352, 911, 712, 208, 103, 89, 93]
5.228[135, 335, 918, 623, 167, 95, 86, 92]
5.241[132, 351, 909, 671, 200, 105, 94, 96]
5.264[131, 447, 883, 647, 190, 99, 88, 87]
5.279[103, 424, 964, 713, 193, 102, 95, 91]
5.301[109, 432, 1018, 716, 209, 112, 101, 91]
5.324[118, 427, 1039, 758, 226, 118, 103, 94]
5.339[131, 443, 1103, 753, 206, 107, 95, 90]
5.363[131, 404, 1097, 817, 219, 117, 103, 101]
5.384[140, 423, 982, 784, 225, 115, 99, 99]
5.408[130, 417, 967, 824, 238, 119, 100, 105]
5.421[128, 426, 952, 826, 230, 107, 92, 98]
5.444[116, 411, 918, 823, 225, 107, 90, 96]
5.459[112, 350, 952, 772, 220, 102, 84, 88]
5.481[115, 323, 992, 725, 214, 100, 83, 87]
5.504[116, 284, 1012, 649, 184, 87, 72, 74]
5.519[123, 288, 1023, 596, 168, 90, 71, 73]
5.542[123, 259, 976, 585, 182, 102, 83, 84]
5.564[121, 254, 923, 595, 185, 102, 82, 80]
5.579[107, 234, 928, 595, 171, 99, 78, 78]
5.609[110, 243, 874, 600, 196, 110, 88, 89]
5.624[101, 222, 873, 593, 199, 108, 88, 88]
5.647[99, 253, 841, 566, 187, 95, 76, 74]
5.662[115, 269, 865, 529, 192, 99, 81, 82]
5.684[123, 283, 871, 603, 198, 96, 78, 80]
5.707[115, 273, 916, 582, 175, 86, 68, 73]
5.721[108, 264, 928, 562, 162, 80, 67, 74]
5.744[109, 274, 904, 556, 161, 84, 71, 79]
5.768[100, 272, 851, 550, 155, 86, 70, 84]
5.782[89, 237, 829, 445, 154, 88, 74, 85]
5.804[92, 267, 849, 447, 145, 83, 71, 83]
5.828[95, 292, 842, 522, 169, 91, 75, 84]
5.841[100, 284, 871, 526, 175, 92, 76, 86]
5.864[93, 277, 909, 557, 166, 79, 68, 74]
5.887[96, 280, 1001, 636, 170, 83, 70, 76]
5.901[96, 259, 910, 646, 178, 88, 75, 79]
5.924[100, 249, 904, 685, 186, 87, 72, 73]
5.947[92, 231, 905, 696, 191, 93, 78, 75]
5.961[87, 232, 931, 690, 190, 93, 76, 74]
5.984[100, 256, 801, 621, 189, 91, 75, 74]
6.009[101, 259, 898, 693, 201, 100, 80, 78]
6.021[91, 257, 893, 591, 176, 93, 74, 76]
6.043[97, 261, 925, 612, 176, 89, 69, 75]
6.067[104, 268, 840, 566, 168, 88, 69, 75]
6.082[94, 262, 893, 630, 167, 83, 64, 70]
6.105[88, 249, 814, 583, 143, 66, 51, 62]
6.127[89, 235, 848, 623, 140, 61, 48, 59]
6.141[83, 217, 802, 639, 145, 50, 39, 46]
6.165[79, 209, 880, 678, 152, 55, 47, 51]
6.187[85, 210, 863, 689, 153, 68, 60, 66]
6.201[89, 218, 952, 658, 167, 74, 62, 66]
6.226[101, 239, 963, 618, 168, 81, 69, 75]
6.247[105, 259, 946, 577, 153, 80, 71, 77]
6.261[105, 261, 916, 595, 158, 80, 69, 76]
6.284[106, 260, 946, 546, 151, 73, 62, 70]
6.307[104, 255, 870, 510, 133, 67, 63, 71]
6.321[93, 260, 880, 513, 132, 65, 56, 62]
6.344[94, 277, 931, 516, 136, 70, 57, 62]
6.367[93, 300, 955, 489, 127, 70, 55, 59]
6.381[84, 304, 1022, 475, 134, 77, 64, 62]
6.404[83, 302, 1031, 499, 132, 74, 61, 60]
6.427[78, 283, 995, 497, 135, 71, 57, 58]
6.443[79, 248, 983, 468, 122, 60, 52, 52]
6.465[89, 210, 921, 456, 151, 73, 61, 62]
6.489[84, 195, 841, 428, 138, 64, 51, 53]
6.501[85, 218, 930, 471, 150, 64, 52, 53]
6.526[84, 204, 887, 478, 150, 67, 56, 55]
6.547[80, 266, 940, 503, 154, 71, 58, 58]
6.569[79, 274, 964, 517, 126, 60, 52, 50]
6.585[84, 274, 910, 525, 126, 60, 50, 50]
6.614[84, 266, 800, 473, 114, 64, 52, 53]
6.637[96, 328, 839, 490, 126, 69, 57, 65]
6.644[95, 289, 794, 492, 132, 71, 58, 66]
6.668[103, 312, 744, 451, 134, 74, 62, 72]
6.689[108, 315, 844, 528, 166, 81, 68, 76]
6.704[106, 305, 837, 524, 163, 76, 64, 73]
6.728[104, 276, 829, 554, 164, 71, 60, 64]
6.75[104, 267, 783, 521, 156, 66, 58, 62]
6.764[87, 259, 821, 529, 154, 59, 48, 50]
6.787[85, 254, 745, 550, 143, 57, 43, 48]
6.81[93, 265, 717, 550, 145, 58, 43, 48]
6.825[85, 232, 667, 523, 155, 67, 49, 52]
6.847[85, 228, 716, 531, 161, 79, 63, 69]
6.869[95, 255, 733, 539, 183, 96, 77, 83]
6.886[89, 248, 716, 488, 194, 99, 80, 83]
6.907[83, 244, 722, 467, 192, 100, 81, 83]
6.931[87, 254, 729, 406, 167, 92, 77, 83]
6.944[84, 266, 738, 421, 159, 83, 69, 70]
6.968[74, 232, 889, 544, 157, 65, 52, 53]
6.99[81, 232, 875, 485, 117, 50, 45, 50]
7.004[82, 235, 906, 559, 154, 66, 59, 60]
7.027[77, 250, 927, 582, 156, 63, 56, 54]
7.049[88, 258, 963, 596, 165, 67, 57, 57]
7.064[90, 244, 775, 466, 145, 67, 60, 59]
7.087[86, 241, 767, 466, 152, 70, 61, 60]
7.109[88, 229, 760, 434, 128, 61, 52, 53]
7.124[114, 239, 775, 428, 133, 63, 55, 63]
7.147[112, 273, 739, 404, 135, 63, 54, 62]
7.17[115, 277, 762, 412, 132, 59, 49, 58]
7.184[116, 284, 762, 411, 123, 56, 46, 57]
7.207[115, 294, 795, 353, 111, 50, 46, 59]
7.229[90, 278, 795, 366, 105, 46, 43, 49]
7.244[81, 235, 759, 348, 88, 39, 39, 45]
7.267[76, 244, 762, 354, 90, 42, 43, 50]
7.289[72, 236, 843, 363, 96, 44, 47, 51]
7.306[80, 243, 801, 397, 113, 58, 57, 57]
7.327[85, 230, 801, 391, 118, 60, 56, 57]
7.35[90, 235, 850, 398, 120, 63, 56, 58]
7.363[87, 222, 865, 374, 127, 69, 62, 64]
7.388[94, 237, 767, 450, 139, 71, 64, 67]
7.409[89, 217, 716, 424, 124, 62, 53, 58]
7.424[89, 241, 677, 445, 130, 65, 55, 59]
7.447[94, 285, 644, 450, 130, 64, 54, 58]
7.47[95, 280, 640, 482, 132, 68, 50, 50]
7.484[93, 275, 637, 445, 126, 69, 46, 47]
7.507[98, 314, 684, 466, 130, 70, 44, 45]
7.53[111, 335, 701, 455, 127, 68, 42, 48]
7.552[101, 289, 674, 437, 122, 66, 43, 49]
7.567[112, 333, 696, 490, 124, 57, 43, 52]
7.589[118, 335, 747, 489, 126, 54, 42, 52]
7.612[125, 313, 772, 489, 147, 70, 58, 68]
7.627[109, 264, 730, 458, 140, 68, 56, 65]
7.649[109, 253, 690, 469, 142, 70, 58, 66]
7.672[97, 188, 641, 384, 128, 69, 60, 67]
7.687[98, 200, 644, 330, 128, 75, 64, 71]
7.709[85, 205, 658, 307, 97, 57, 50, 56]
7.732[92, 216, 725, 358, 106, 59, 50, 56]
7.747[90, 216, 734, 383, 114, 60, 48, 53]
7.769[87, 220, 759, 399, 119, 57, 43, 47]
7.792[80, 194, 715, 415, 113, 48, 34, 34]
7.807[71, 178, 711, 421, 112, 49, 39, 37]
7.828[61, 188, 688, 381, 104, 46, 37, 34]
7.851[60, 187, 658, 331, 98, 43, 36, 34]
7.868[58, 173, 600, 303, 92, 43, 36, 36]
7.889[44, 175, 620, 307, 84, 39, 34, 35]
7.911[45, 154, 548, 294, 92, 38, 29, 30]
7.928[41, 114, 465, 306, 97, 40, 28, 30]
7.949[42, 113, 486, 294, 89, 41, 34, 31]
7.972[44, 110, 444, 285, 83, 38, 32, 27]
7.988[48, 97, 403, 275, 85, 40, 34, 29]
8.009[46, 92, 380, 254, 77, 38, 34, 33]
8.04[45, 94, 386, 226, 63, 42, 34, 32]
8.048[44, 99, 403, 226, 62, 54, 28, 32]
8.07[40, 97, 415, 218, 64, 57, 29, 31]
8.091[34, 92, 379, 193, 60, 64, 29, 30]
8.108[31, 85, 329, 180, 61, 78, 36, 28]
8.129[30, 78, 293, 173, 62, 80, 38, 29]
8.151[32, 76, 263, 183, 66, 76, 41, 35]
8.168[35, 79, 260, 181, 63, 79, 44, 36]
8.189[35, 76, 251, 144, 61, 82, 44, 35]
8.212[34, 73, 246, 134, 57, 68, 38, 32]
8.228[35, 73, 247, 126, 61, 96, 46, 33]
8.249[39, 68, 235, 99, 56, 100, 46, 24]
8.272[36, 102, 286, 103, 57, 98, 47, 28]
8.294[35, 101, 270, 103, 52, 91, 45, 29]
8.317[35, 104, 269, 104, 50, 96, 46, 30]
8.332[36, 106, 265, 106, 50, 93, 47, 30]
8.348[27, 96, 225, 108, 57, 133, 51, 29]
8.369[28, 58, 140, 137, 73, 139, 51, 24]
8.391[33, 56, 160, 188, 81, 142, 51, 25]
8.408[37, 58, 159, 193, 89, 143, 50, 24]
8.429[39, 57, 161, 200, 90, 135, 51, 24]
8.452[41, 60, 151, 197, 86, 114, 50, 23]
8.474[47, 69, 166, 189, 73, 118, 52, 25]
8.489[49, 81, 169, 138, 61, 116, 53, 24]
8.511[52, 85, 211, 131, 53, 118, 56, 26]
8.534[53, 86, 214, 129, 48, 107, 46, 24]
8.55[54, 90, 218, 160, 64, 97, 44, 26]
8.579[57, 84, 205, 141, 62, 91, 42, 27]
8.596[55, 85, 216, 144, 64, 90, 42, 27]
8.609[58, 85, 167, 147, 66, 81, 39, 28]
8.632[57, 87, 194, 141, 65, 83, 38, 29]
8.653[59, 92, 195, 107, 53, 66, 35, 29]
8.669[57, 93, 193, 139, 64, 53, 31, 26]
8.691[54, 86, 167, 135, 69, 51, 30, 26]
8.713[50, 81, 173, 132, 67, 57, 36, 25]
8.729[51, 97, 208, 147, 68, 65, 41, 27]
8.751[50, 88, 217, 143, 64, 64, 42, 27]
8.774[45, 84, 206, 114, 53, 60, 41, 28]
8.791[50, 85, 206, 107, 47, 60, 40, 28]
8.811[46, 86, 297, 109, 46, 57, 37, 27]
8.834[53, 69, 272, 89, 43, 49, 33, 27]
8.849[48, 69, 266, 95, 44, 46, 29, 24]
8.872[50, 69, 275, 97, 42, 45, 28, 22]
8.894[45, 61, 297, 96, 41, 47, 28, 21]
8.908[47, 57, 231, 93, 44, 41, 25, 22]
8.931[35, 51, 220, 94, 48, 34, 23, 21]
8.962[41, 53, 224, 93, 47, 31, 23, 24]
8.969[39, 53, 211, 96, 52, 31, 25, 24]
8.993[36, 57, 235, 97, 55, 28, 27, 25]
9.014[36, 54, 207, 92, 52, 28, 27, 24]
9.029[36, 53, 204, 88, 48, 26, 27, 23]
9.051[36, 56, 231, 80, 50, 27, 25, 20]
9.074[36, 53, 244, 83, 46, 28, 26, 23]
9.089[39, 58, 189, 84, 41, 26, 23, 23]
9.111[39, 59, 192, 88, 39, 26, 23, 24]
9.134[37, 62, 220, 90, 38, 26, 26, 24]
9.15[33, 59, 197, 95, 35, 24, 26, 24]
9.171[33, 62, 179, 97, 36, 23, 24, 21]
9.194[33, 56, 175, 101, 37, 25, 25, 21]
9.209[35, 60, 196, 97, 37, 25, 26, 22]
9.232[35, 57, 185, 98, 38, 26, 23, 21]
9.254[35, 56, 256, 95, 41, 28, 23, 23]
9.269[39, 60, 272, 89, 43, 30, 24, 25]
9.291[37, 59, 270, 82, 42, 28, 23, 24]
9.313[33, 53, 253, 79, 41, 25, 22, 23]
9.329[34, 52, 247, 73, 42, 27, 22, 23]
9.351[37, 48, 209, 69, 42, 25, 24, 24]
9.374[36, 47, 209, 79, 39, 22, 23, 21]
9.396[38, 57, 270, 79, 40, 27, 24, 25]
9.411[39, 59, 278, 79, 39, 26, 23, 24]
9.436[41, 61, 266, 80, 36, 25, 24, 25]
9.456[37, 61, 235, 89, 38, 25, 24, 22]
9.471[35, 60, 232, 82, 39, 28, 23, 23]
9.494[33, 58, 206, 88, 38, 26, 25, 22]
9.517[38, 62, 194, 90, 40, 27, 25, 22]
9.531[40, 61, 193, 88, 40, 27, 24, 22]
9.554[42, 59, 191, 79, 33, 27, 23, 24]
9.576[40, 57, 182, 73, 30, 25, 24, 25]
9.591[38, 52, 159, 63, 33, 22, 22, 22]
9.614[33, 53, 192, 62, 33, 21, 22, 24]
9.636[28, 54, 195, 59, 31, 23, 22, 24]
9.653[28, 53, 183, 56, 33, 21, 22, 22]
9.674[31, 57, 216, 68, 58, 26, 22, 23]
9.696[39, 58, 206, 82, 61, 27, 22, 23]
9.711[39, 52, 180, 84, 62, 28, 22, 21]
9.734[41, 53, 187, 87, 62, 28, 21, 20]
9.756[39, 52, 188, 86, 62, 28, 22, 19]
9.771[38, 46, 143, 77, 40, 24, 22, 18]
9.793[35, 47, 175, 92, 39, 25, 26, 21]
9.816[36, 48, 179, 104, 42, 24, 25, 22]
9.831[36, 44, 171, 139, 54, 25, 26, 22]
9.854[36, 45, 169, 145, 54, 26, 26, 21]
9.878[36, 45, 175, 146, 57, 27, 26, 23]
9.891[35, 43, 140, 139, 56, 26, 22, 21]
9.915[34, 43, 133, 130, 55, 28, 23, 21]
9.945[37, 43, 123, 99, 43, 26, 22, 22]
9.953[39, 43, 135, 93, 42, 27, 23, 24]
9.974[39, 42, 167, 90, 40, 26, 21, 23]
9.996[36, 41, 164, 73, 35, 23, 22, 22]
10.012[40, 40, 182, 79, 34, 25, 25, 23]
10.033[36, 43, 215, 73, 35, 26, 25, 22]
10.056[34, 43, 212, 80, 37, 25, 23, 22]
10.071[32, 47, 183, 127, 41, 24, 23, 21]
10.103[33, 44, 191, 137, 45, 27, 23, 20]
10.116[30, 45, 188, 134, 46, 23, 21, 20]
10.133[31, 45, 155, 132, 48, 24, 22, 20]
10.153[31, 46, 165, 126, 43, 22, 21, 20]
10.176[31, 46, 186, 90, 39, 23, 21, 20]
10.199[35, 51, 175, 93, 44, 23, 19, 23]
10.214[35, 53, 180, 93, 42, 22, 19, 23]
10.236[37, 55, 183, 93, 41, 24, 19, 23]
10.259[41, 53, 169, 94, 42, 23, 18, 23]
10.274[40, 52, 162, 91, 42, 21, 18, 24]
10.296[41, 65, 271, 111, 33, 24, 23, 23]
10.311[40, 66, 283, 118, 33, 25, 23, 23]
10.334[36, 61, 281, 117, 32, 22, 22, 23]
10.359[35, 65, 289, 119, 33, 22, 23, 24]
10.379[35, 65, 290, 116, 32, 26, 24, 25]
10.394[33, 64, 247, 89, 31, 23, 22, 24]
10.416[33, 61, 232, 81, 32, 21, 23, 26]
10.439[32, 62, 234, 86, 35, 24, 23, 26]
10.453[31, 58, 225, 82, 35, 25, 25, 25]
10.476[39, 61, 252, 107, 54, 27, 27, 26]
10.499[37, 43, 204, 109, 57, 29, 26, 25]
10.526[37, 45, 194, 112, 58, 30, 28, 22]
10.536[40, 47, 204, 110, 57, 30, 28, 23]
10.561[40, 49, 220, 120, 58, 30, 26, 21]
10.574[33, 46, 176, 123, 45, 29, 23, 20]
10.597[42, 51, 169, 120, 40, 27, 24, 22]
10.619[40, 47, 164, 114, 39, 26, 21, 23]
10.633[39, 47, 203, 112, 38, 24, 22, 21]
10.656[39, 47, 211, 102, 37, 25, 22, 23]
10.679[41, 50, 210, 62, 36, 23, 22, 23]
10.694[34, 46, 209, 68, 38, 22, 21, 21]
10.716[36, 50, 230, 71, 38, 24, 22, 20]
10.74[35, 50, 193, 71, 39, 25, 22, 21]
10.755[36, 52, 166, 72, 39, 26, 21, 20]
10.777[40, 53, 170, 77, 38, 24, 21, 21]
10.8[38, 50, 172, 91, 39, 26, 20, 24]
10.813[36, 47, 136, 98, 42, 27, 22, 24]
10.836[39, 45, 114, 102, 46, 28, 21, 23]
10.859[42, 46, 206, 102, 48, 29, 23, 25]
10.873[33, 41, 214, 106, 49, 28, 23, 24]
10.896[35, 45, 208, 86, 49, 26, 24, 21]
10.919[40, 46, 223, 78, 46, 26, 26, 27]
10.933[39, 47, 225, 73, 42, 24, 26, 27]
10.957[34, 41, 166, 76, 39, 22, 24, 25]
10.98[35, 40, 147, 74, 35, 23, 24, 26]
10.993[41, 43, 153, 99, 40, 25, 25, 27]
11.016[37, 41, 154, 103, 40, 23, 22, 24]
11.042[36, 42, 157, 103, 39, 24, 23, 26]
11.054[37, 43, 140, 110, 40, 24, 23, 26]
11.076[37, 45, 162, 110, 45, 26, 23, 26]
11.099[35, 43, 166, 97, 41, 27, 24, 25]
11.113[36, 42, 146, 94, 41, 25, 21, 23]
11.136[37, 39, 140, 97, 42, 24, 20, 22]
11.159[41, 47, 169, 96, 43, 25, 19, 22]
11.174[42, 42, 180, 87, 39, 24, 24, 25]
11.196[39, 45, 188, 80, 37, 23, 23, 27]
11.22[39, 46, 192, 81, 39, 23, 25, 26]
11.233[37, 46, 197, 76, 39, 25, 27, 26]
11.256[36, 42, 188, 63, 37, 26, 28, 27]
11.279[37, 45, 157, 62, 34, 24, 23, 25]
11.302[36, 40, 140, 52, 34, 24, 22, 23]
11.316[33, 38, 158, 81, 38, 25, 21, 23]
11.339[32, 37, 162, 82, 38, 25, 20, 22]
11.362[36, 41, 146, 85, 37, 22, 17, 19]
11.376[32, 37, 152, 87, 36, 21, 17, 18]
11.399[40, 53, 173, 106, 41, 25, 19, 19]
11.422[40, 55, 158, 86, 34, 26, 19, 20]
11.436[41, 55, 147, 92, 36, 24, 21, 21]
11.46[38, 50, 144, 92, 37, 26, 22, 22]
11.481[39, 56, 191, 94, 38, 28, 22, 23]
11.497[34, 44, 178, 76, 33, 25, 22, 23]
11.519[37, 45, 181, 72, 37, 23, 22, 23]
11.542[35, 43, 181, 61, 34, 25, 20, 22]
11.557[36, 47, 186, 105, 55, 29, 21, 24]
11.579[34, 41, 140, 106, 57, 29, 26, 23]
11.611[33, 41, 139, 102, 57, 30, 25, 23]
11.617[31, 39, 121, 102, 54, 29, 24, 22]
11.639[30, 43, 170, 102, 56, 29, 24, 23]
11.663[27, 43, 173, 54, 35, 25, 23, 21]
11.677[29, 45, 171, 47, 29, 22, 19, 20]
11.699[30, 43, 173, 53, 30, 23, 19, 21]
11.722[30, 42, 186, 54, 31, 22, 21, 22]
11.737[31, 40, 156, 59, 27, 23, 22, 22]
11.759[32, 35, 151, 64, 27, 22, 23, 21]
11.782[31, 34, 152, 70, 31, 24, 21, 23]
11.796[29, 46, 200, 69, 36, 27, 20, 23]
11.82[33, 49, 194, 69, 37, 27, 20, 24]
11.843[37, 50, 187, 63, 36, 26, 21, 26]
11.856[36, 59, 224, 62, 36, 28, 22, 26]
11.879[37, 61, 226, 59, 36, 29, 23, 25]
11.902[39, 55, 175, 54, 33, 26, 23, 24]
11.916[37, 53, 192, 53, 33, 26, 22, 24]
11.939[32, 52, 215, 65, 35, 26, 22, 23]
11.962[33, 44, 174, 63, 34, 25, 20, 22]
11.976[35, 42, 213, 67, 32, 24, 19, 21]
11.999[33, 40, 227, 71, 31, 24, 21, 22]
12.022[33, 43, 216, 71, 32, 25, 22, 24]
12.037[32, 41, 195, 64, 31, 25, 23, 23]
12.059[31, 38, 196, 66, 32, 24, 23, 24]
12.082[31, 37, 226, 77, 33, 23, 24, 25]
12.096[34, 42, 222, 76, 31, 24, 23, 23]
12.12[33, 39, 222, 82, 31, 25, 20, 21]
12.142[35, 41, 218, 81, 31, 24, 17, 21]
12.156[36, 41, 223, 101, 35, 24, 18, 22]
12.179[35, 39, 158, 89, 40, 28, 17, 22]
12.202[35, 39, 148, 90, 39, 27, 16, 23]
12.216[37, 44, 150, 98, 41, 26, 17, 22]
12.239[36, 44, 177, 99, 43, 27, 24, 21]
12.262[35, 42, 167, 77, 42, 28, 22, 20]
12.285[37, 45, 151, 72, 37, 23, 22, 21]
12.299[37, 55, 298, 73, 39, 27, 25, 22]
12.322[35, 52, 314, 62, 40, 27, 26, 22]
12.344[38, 51, 300, 64, 38, 25, 21, 23]
12.359[40, 55, 304, 64, 35, 25, 22, 24]
12.382[40, 55, 313, 67, 36, 27, 22, 23]
12.404[39, 45, 197, 65, 34, 24, 19, 21]
12.419[37, 51, 229, 72, 36, 25, 22, 21]
12.442[36, 53, 256, 71, 34, 24, 21, 21]
12.465[35, 50, 277, 77, 39, 26, 21, 22]
12.481[33, 53, 333, 76, 39, 24, 22, 23]
12.502[38, 59, 340, 83, 41, 24, 23, 24]
12.525[38, 59, 343, 87, 44, 26, 20, 24]
12.54[40, 66, 333, 86, 44, 25, 22, 24]
12.562[39, 69, 315, 83, 41, 23, 22, 25]
12.585[39, 68, 264, 108, 44, 24, 22, 22]
12.599[33, 65, 263, 131, 51, 27, 21, 23]
12.622[39, 66, 220, 129, 49, 25, 22, 23]
12.644[39, 62, 241, 136, 51, 27, 23, 25]
12.659[40, 63, 241, 146, 52, 29, 23, 23]
12.682[45, 68, 268, 169, 64, 31, 23, 24]
12.704[52, 76, 285, 151, 58, 31, 23, 24]
12.719[51, 74, 327, 153, 60, 30, 23, 26]
12.742[52, 81, 365, 150, 58, 31, 23, 28]
12.764[88, 148, 462, 171, 66, 34, 26, 35]
12.778[92, 155, 492, 143, 55, 31, 26, 36]
12.802[94, 155, 546, 155, 57, 30, 29, 40]
12.824[98, 165, 591, 181, 57, 31, 29, 42]
12.846[99, 176, 681, 202, 65, 31, 29, 41]
12.862[73, 148, 686, 195, 64, 31, 34, 40]
12.883[66, 162, 803, 194, 64, 38, 36, 42]
12.907[61, 165, 810, 205, 63, 38, 34, 38]
12.922[61, 183, 781, 192, 72, 46, 38, 41]
12.944[58, 177, 847, 231, 73, 50, 42, 46]
12.96[58, 167, 947, 298, 85, 55, 40, 47]
12.983[61, 156, 932, 314, 94, 55, 43, 49]
13.003[68, 159, 1117, 387, 111, 60, 50, 54]
13.02[76, 164, 1259, 453, 130, 68, 62, 62]
13.042[110, 214, 1349, 542, 170, 99, 89, 90]
13.063[127, 277, 1342, 563, 183, 107, 96, 97]
13.08[142, 359, 1367, 721, 247, 129, 111, 114]
13.102[147, 434, 1286, 772, 259, 132, 112, 114]
13.123[152, 439, 1159, 774, 252, 130, 109, 115]
13.14[134, 432, 1069, 824, 253, 111, 91, 96]
13.163[135, 415, 1011, 865, 262, 122, 103, 113]
13.184[126, 392, 1046, 867, 254, 131, 110, 121]
13.207[146, 330, 1059, 905, 250, 143, 127, 144]
13.222[148, 370, 1153, 941, 270, 161, 145, 158]
13.244[178, 367, 1124, 917, 265, 175, 159, 173]
13.273[183, 445, 1179, 907, 265, 179, 164, 177]
13.282[190, 489, 1213, 839, 223, 158, 152, 165]
13.303[169, 487, 1153, 785, 220, 147, 138, 147]
13.326[167, 478, 1142, 778, 224, 135, 123, 131]
13.341[144, 480, 1116, 733, 232, 131, 118, 126]
13.364[127, 417, 1147, 770, 230, 113, 97, 100]
13.387[111, 319, 1024, 752, 228, 112, 96, 96]
13.401[115, 331, 1045, 778, 256, 119, 99, 98]
13.423[116, 307, 1089, 761, 232, 109, 93, 97]
13.446[104, 316, 1141, 810, 207, 90, 77, 84]
13.461[102, 302, 1095, 744, 191, 86, 76, 83]
13.483[118, 328, 1122, 774, 199, 93, 85, 95]
13.506[123, 293, 1116, 802, 182, 105, 100, 111]
13.521[118, 284, 1090, 780, 184, 111, 105, 116]
13.543[126, 284, 1098, 695, 188, 119, 110, 122]
13.567[125, 271, 1076, 747, 194, 120, 109, 122]
13.584[124, 252, 1009, 685, 216, 132, 114, 126]
13.604[129, 274, 970, 634, 203, 118, 99, 113]
13.626[128, 256, 949, 668, 237, 128, 107, 112]
13.641[119, 214, 963, 717, 234, 124, 99, 104]
13.663[124, 207, 950, 713, 243, 130, 107, 113]
13.694[111, 187, 1000, 815, 259, 121, 97, 99]
13.701[102, 170, 1032, 759, 253, 121, 99, 100]
13.723[119, 210, 1026, 772, 231, 109, 91, 97]
13.746[127, 262, 926, 778, 233, 105, 88, 91]
13.762[120, 276, 861, 714, 216, 102, 82, 79]
13.783[134, 289, 899, 605, 161, 99, 84, 92]
13.807[154, 323, 1008, 654, 165, 99, 84, 97]
13.821[152, 332, 968, 609, 163, 99, 82, 98]
13.844[161, 323, 954, 548, 164, 101, 87, 103]
13.866[166, 310, 1027, 602, 161, 97, 88, 106]
13.881[164, 299, 944, 630, 166, 96, 88, 103]
13.904[144, 256, 858, 622, 178, 96, 86, 96]
13.926[133, 253, 909, 657, 177, 90, 81, 89]
13.941[113, 221, 893, 679, 179, 90, 78, 88]
13.964[109, 241, 882, 668, 188, 91, 83, 91]
13.986[112, 284, 1003, 642, 190, 96, 85, 93]
14.002[135, 298, 993, 681, 183, 106, 97, 111]
14.024[132, 279, 931, 670, 181, 110, 100, 114]
14.046[134, 282, 938, 691, 185, 114, 107, 118]
14.061[131, 265, 946, 705, 189, 111, 100, 111]
14.083[120, 211, 897, 750, 192, 102, 91, 100]
14.107[105, 241, 939, 677, 180, 85, 77, 82]
14.128[112, 261, 951, 653, 166, 84, 82, 84]
14.143[110, 262, 1013, 666, 158, 75, 70, 73]
14.166[109, 275, 1006, 691, 166, 85, 73, 76]
14.189[121, 301, 1031, 680, 178, 89, 74, 73]
14.203[116, 294, 1072, 753, 195, 95, 76, 72]
14.226[105, 270, 1107, 762, 197, 91, 66, 65]
14.248[106, 271, 1050, 696, 191, 89, 69, 69]
14.263[121, 283, 1045, 647, 193, 98, 81, 85]
14.286[105, 261, 1002, 696, 210, 107, 86, 92]
14.308[101, 238, 1023, 747, 226, 104, 83, 89]
14.324[104, 227, 985, 765, 235, 107, 85, 89]
14.346[102, 221, 1022, 772, 234, 107, 85, 90]
14.368[84, 219, 1025, 734, 217, 97, 78, 79]
14.387[98, 234, 1051, 709, 187, 81, 67, 78]
14.415[93, 216, 867, 583, 147, 79, 68, 79]
14.429[93, 208, 945, 522, 135, 78, 68, 80]
14.445[102, 247, 991, 639, 170, 85, 70, 80]
14.466[100, 219, 945, 656, 166, 75, 60, 75]
14.489[93, 227, 960, 586, 152, 69, 59, 70]
14.504[95, 228, 1087, 625, 157, 72, 63, 71]
14.526[94, 236, 1004, 634, 154, 74, 63, 73]
14.549[84, 193, 1020, 570, 128, 64, 58, 71]
14.564[83, 212, 1094, 579, 125, 64, 57, 70]
14.587[84, 194, 1148, 573, 127, 67, 58, 72]
14.609[92, 185, 1053, 529, 120, 63, 56, 69]
14.624[92, 194, 1094, 530, 121, 56, 50, 60]
14.646[94, 190, 1027, 509, 113, 57, 52, 60]
14.67[103, 203, 954, 514, 127, 59, 55, 62]
14.684[97, 247, 807, 570, 133, 60, 53, 57]
14.706[89, 251, 867, 551, 138, 66, 59, 61]
14.729[103, 247, 862, 596, 169, 89, 78, 85]
14.743[109, 271, 917, 603, 174, 90, 78, 86]
14.766[103, 256, 951, 580, 165, 89, 77, 84]
14.789[99, 220, 971, 589, 174, 92, 79, 83]
14.804[113, 239, 937, 658, 201, 100, 80, 88]
14.836[115, 243, 915, 622, 189, 93, 73, 76]
14.848[111, 225, 795, 591, 179, 92, 73, 75]
14.864[111, 222, 768, 623, 200, 102, 81, 82]
14.886[117, 227, 833, 554, 196, 102, 82, 86]
14.909[101, 215, 886, 503, 170, 91, 77, 79]
14.925[91, 204, 946, 528, 169, 82, 67, 67]
14.946[87, 209, 1042, 572, 187, 84, 64, 63]
14.968[87, 198, 1043, 563, 172, 72, 55, 56]
14.983[81, 176, 1004, 632, 197, 81, 59, 57]
15.007[87, 179, 981, 632, 199, 80, 58, 55]
15.029[77, 185, 901, 623, 201, 84, 64, 63]
15.044[80, 188, 892, 617, 183, 80, 66, 66]
15.069[88, 197, 932, 627, 178, 88, 80, 82]
15.089[93, 204, 937, 567, 151, 90, 85, 90]
15.112[87, 207, 883, 528, 140, 92, 87, 92]
15.126[90, 214, 886, 504, 132, 89, 84, 88]
15.149[86, 203, 885, 468, 145, 90, 83, 86]
15.171[87, 202, 835, 479, 164, 98, 83, 84]
15.186[88, 196, 816, 558, 175, 90, 72, 72]
15.208[92, 183, 818, 610, 190, 92, 73, 76]
15.231[86, 161, 782, 588, 177, 90, 72, 77]
15.248[91, 185, 756, 589, 169, 90, 70, 78]
15.269[78, 179, 751, 564, 147, 71, 54, 65]
15.293[76, 171, 878, 650, 151, 71, 57, 66]
15.306[71, 179, 903, 622, 137, 65, 52, 60]
15.329[77, 192, 934, 660, 143, 68, 55, 61]
15.351[82, 188, 888, 652, 149, 67, 56, 60]
15.366[86, 190, 908, 675, 163, 73, 59, 63]
15.389[82, 212, 747, 524, 138, 71, 59, 65]
15.412[84, 215, 756, 560, 151, 70, 58, 65]
15.426[80, 220, 760, 575, 156, 65, 52, 60]
15.458[73, 206, 803, 602, 160, 71, 61, 67]
15.48[70, 198, 856, 674, 188, 87, 74, 80]
15.487[78, 177, 871, 707, 193, 91, 77, 88]
15.508[77, 173, 965, 675, 188, 96, 80, 91]
15.532[75, 163, 962, 678, 188, 96, 82, 90]
15.546[72, 153, 952, 658, 181, 90, 76, 84]
15.569[75, 163, 906, 584, 161, 81, 70, 76]
15.591[75, 194, 881, 585, 174, 85, 74, 72]
15.606[82, 196, 755, 564, 166, 81, 74, 70]
15.629[88, 193, 777, 542, 162, 86, 79, 77]
15.653[92, 221, 848, 605, 166, 87, 81, 79]
15.666[84, 217, 883, 577, 148, 75, 70, 67]
15.689[78, 193, 875, 529, 149, 79, 67, 68]
15.711[79, 221, 996, 538, 146, 81, 71, 77]
15.726[76, 222, 1025, 603, 161, 82, 71, 75]
15.749[79, 228, 1027, 546, 166, 87, 74, 79]
15.772[87, 236, 1019, 561, 179, 100, 83, 87]
15.786[83, 232, 1030, 556, 155, 86, 77, 78]
15.808[87, 207, 870, 546, 158, 87, 75, 75]
15.832[99, 215, 814, 504, 167, 94, 79, 84]
15.846[95, 172, 737, 499, 155, 90, 77, 81]
15.868[91, 159, 717, 503, 147, 80, 73, 77]
15.892[95, 166, 686, 554, 161, 83, 74, 77]
15.908[91, 152, 704, 591, 162, 82, 75, 78]
15.928[85, 160, 667, 554, 131, 68, 64, 66]
15.952[84, 187, 605, 557, 142, 73, 63, 64]
15.966[87, 197, 626, 606, 151, 77, 65, 73]
15.989[94, 198, 671, 599, 147, 76, 67, 77]
16.012[91, 204, 758, 588, 148, 74, 63, 71]
16.034[101, 239, 798, 561, 148, 86, 76, 88]
16.049[100, 238, 826, 554, 139, 79, 73, 86]
16.072[95, 240, 774, 457, 122, 77, 71, 80]
16.095[88, 258, 793, 426, 123, 77, 70, 77]
16.109[88, 256, 763, 443, 148, 92, 81, 89]
16.131[65, 209, 753, 482, 159, 87, 73, 75]
16.154[68, 189, 737, 491, 171, 96, 78, 79]
16.168[81, 178, 758, 484, 171, 93, 77, 81]
16.191[79, 160, 785, 496, 166, 94, 78, 83]
16.214[78, 167, 780, 478, 144, 80, 69, 76]
16.229[82, 161, 810, 504, 138, 76, 67, 77]
16.252[84, 190, 860, 534, 141, 74, 67, 76]
16.274[72, 181, 832, 531, 142, 72, 64, 70]
16.289[72, 183, 846, 581, 150, 73, 68, 75]
16.311[69, 183, 891, 656, 166, 74, 66, 69]
16.334[70, 237, 934, 635, 162, 71, 64, 66]
16.349[68, 233, 900, 608, 152, 66, 63, 63]
16.372[70, 246, 940, 612, 147, 63, 59, 63]
16.394[68, 237, 881, 568, 145, 62, 53, 55]
16.408[73, 251, 904, 506, 126, 54, 48, 51]
16.431[71, 206, 885, 512, 140, 60, 51, 51]
16.454[79, 199, 907, 534, 158, 74, 63, 66]
16.47[81, 187, 911, 542, 156, 78, 66, 69]
16.492[93, 207, 931, 499, 148, 83, 74, 77]
16.515[90, 185, 841, 467, 155, 89, 80, 81]
16.528[85, 180, 752, 436, 139, 85, 77, 79]
16.552[77, 166, 741, 395, 130, 80, 70, 72]
16.574[73, 159, 670, 398, 135, 78, 66, 68]
16.588[64, 148, 699, 464, 141, 72, 60, 59]
16.612[64, 146, 739, 508, 135, 66, 53, 55]
16.642[74, 194, 886, 550, 149, 73, 56, 60]
16.649[70, 194, 836, 559, 134, 64, 50, 52]
16.672[79, 207, 974, 634, 163, 75, 62, 63]
16.695[74, 203, 953, 587, 151, 70, 59, 61]
16.71[93, 231, 924, 531, 155, 80, 66, 73]
16.732[84, 191, 863, 481, 138, 70, 62, 67]
16.754[90, 213, 892, 485, 152, 79, 64, 71]
16.768[92, 242, 755, 380, 123, 68, 52, 63]
16.791[92, 244, 823, 444, 132, 70, 52, 64]
16.814[83, 244, 824, 453, 131, 65, 43, 54]
16.828[85, 255, 920, 508, 149, 72, 47, 59]
16.852[80, 249, 891, 498, 143, 64, 44, 53]
16.883[74, 232, 879, 498, 148, 69, 49, 55]
16.888[77, 233, 775, 450, 149, 70, 49, 54]
16.919[70, 208, 754, 432, 141, 64, 47, 49]
16.934[71, 191, 492, 348, 124, 58, 42, 44]
16.949[70, 181, 562, 383, 117, 53, 42, 46]
16.972[65, 166, 626, 369, 114, 53, 37, 43]
16.994[59, 150, 616, 365, 110, 54, 39, 45]
17.017[54, 148, 657, 410, 109, 53, 39, 45]
17.032[51, 150, 670, 418, 108, 51, 38, 42]
17.054[47, 144, 654, 380, 109, 51, 37, 41]
17.077[44, 126, 639, 390, 101, 49, 33, 39]
17.093[48, 118, 636, 373, 90, 48, 31, 35]
17.114[45, 102, 562, 306, 84, 47, 29, 33]
17.139[44, 97, 528, 283, 80, 80, 37, 33]
17.152[43, 81, 436, 260, 84, 95, 43, 38]
17.182[49, 98, 344, 203, 77, 93, 44, 36]
17.197[44, 105, 325, 212, 83, 94, 49, 40]
17.212[44, 101, 307, 212, 84, 123, 60, 41]
17.234[43, 100, 312, 197, 82, 130, 62, 40]
17.257[44, 104, 310, 142, 82, 194, 79, 36]
17.271[37, 97, 281, 136, 86, 221, 90, 37]
17.294[34, 82, 252, 127, 90, 239, 96, 32]
17.318[33, 92, 258, 113, 98, 270, 103, 32]
17.332[37, 91, 242, 115, 97, 265, 102, 31]
17.355[35, 87, 246, 227, 102, 222, 87, 33]
17.377[35, 75, 235, 250, 116, 203, 80, 34]
17.392[38, 84, 255, 244, 110, 184, 68, 32]
17.414[36, 71, 235, 253, 108, 212, 92, 32]
17.437[47, 87, 237, 253, 112, 230, 103, 33]
17.451[49, 89, 280, 200, 99, 226, 102, 30]
17.474[52, 92, 292, 195, 82, 219, 101, 29]
17.497[53, 80, 244, 195, 83, 250, 107, 30]
17.511[56, 82, 237, 188, 78, 179, 75, 29]
17.534[45, 81, 296, 188, 72, 154, 62, 29]
17.557[44, 83, 266, 157, 77, 159, 65, 30]
17.579[39, 78, 250, 129, 78, 174, 69, 30]
17.594[35, 81, 252, 120, 80, 141, 66, 31]
17.617[35, 79, 252, 114, 81, 157, 68, 29]
17.631[41, 67, 230, 115, 82, 166, 71, 29]
17.654[42, 68, 261, 93, 69, 161, 67, 27]
17.678[47, 73, 245, 88, 62, 155, 64, 25]
17.691[48, 69, 243, 86, 55, 152, 65, 26]
17.714[46, 70, 247, 82, 58, 155, 69, 26]
17.737[41, 67, 233, 81, 55, 159, 69, 24]
17.752[50, 79, 238, 132, 71, 158, 72, 30]
17.775[47, 73, 240, 130, 73, 147, 71, 30]
17.796[45, 75, 260, 128, 81, 158, 69, 29]
17.819[48, 75, 265, 129, 87, 150, 65, 31]
17.835[59, 81, 238, 124, 87, 128, 55, 32]
17.857[51, 76, 240, 63, 73, 127, 53, 28]
17.878[51, 81, 253, 64, 71, 127, 53, 30]
17.895[51, 80, 236, 67, 58, 93, 43, 28]
17.916[53, 82, 227, 66, 38, 55, 32, 28]
17.938[42, 78, 255, 65, 33, 50, 30, 26]
17.955[40, 63, 196, 61, 33, 46, 29, 25]
17.976[42, 59, 178, 47, 34, 41, 27, 22]
17.998[42, 63, 238, 50, 34, 35, 26, 24]
18.015[38, 60, 244, 46, 31, 33, 22, 22]
18.035[36, 57, 211, 48, 32, 28, 23, 20]
18.058[37, 62, 263, 58, 30, 28, 25, 24]
18.075[40, 62, 264, 62, 30, 26, 24, 26]
18.097[40, 59, 220, 58, 29, 22, 22, 26]
18.118[39, 66, 278, 58, 29, 23, 23, 28]
18.135[42, 68, 279, 59, 30, 23, 21, 27]
18.156[42, 63, 234, 51, 29, 22, 17, 27]
18.186[35, 64, 265, 43, 26, 25, 19, 25]
18.195[38, 68, 276, 42, 26, 26, 21, 25]
18.216[44, 64, 222, 41, 26, 24, 22, 23]
18.24[41, 68, 269, 39, 28, 26, 23, 26]
18.255[41, 73, 298, 40, 27, 25, 23, 24]
18.276[41, 68, 272, 40, 27, 21, 22, 23]
18.299[40, 62, 274, 40, 25, 23, 24, 22]
18.315[36, 61, 298, 41, 28, 22, 23, 21]
18.336[44, 57, 288, 46, 26, 24, 27, 21]
18.358[45, 57, 259, 43, 26, 24, 26, 21]
18.382[45, 56, 265, 40, 26, 24, 26, 22]
18.396[43, 53, 253, 38, 27, 24, 25, 23]
18.419[42, 52, 219, 39, 27, 25, 25, 23]
18.436[42, 64, 240, 31, 28, 22, 19, 21]
18.456[39, 58, 239, 30, 28, 23, 21, 19]
18.478[40, 58, 236, 31, 27, 24, 22, 19]
18.495[41, 61, 221, 32, 27, 23, 20, 19]
18.517[39, 57, 240, 35, 23, 24, 20, 21]
18.539[33, 38, 185, 36, 22, 24, 23, 21]
18.555[35, 45, 195, 40, 22, 23, 22, 22]
18.583[34, 51, 212, 40, 23, 23, 22, 22]
18.599[33, 55, 223, 38, 22, 21, 22, 21]
18.615[35, 56, 196, 35, 25, 20, 23, 20]
18.636[33, 55, 282, 40, 31, 20, 20, 25]
18.669[31, 50, 284, 39, 29, 20, 20, 26]
18.678[31, 47, 263, 40, 30, 20, 19, 25]
18.696[32, 43, 258, 42, 32, 21, 19, 26]
18.718[31, 43, 273, 43, 30, 21, 19, 27]
18.733[29, 47, 178, 35, 25, 23, 21, 21]
18.756[33, 45, 174, 36, 26, 23, 22, 22]
18.778[32, 47, 185, 36, 27, 23, 23, 22]
18.793[30, 41, 195, 37, 27, 22, 24, 22]
18.816[32, 43, 170, 36, 27, 22, 24, 22]
18.838[30, 36, 165, 36, 26, 18, 21, 22]
18.861[28, 37, 145, 32, 26, 20, 23, 21]
18.876[29, 35, 135, 31, 25, 18, 22, 21]
18.898[29, 38, 114, 28, 24, 20, 21, 21]
18.921[27, 37, 149, 30, 25, 21, 21, 20]
18.936[32, 38, 147, 30, 26, 25, 21, 21]
18.958[35, 45, 191, 35, 28, 23, 21, 21]
18.981[36, 46, 213, 38, 28, 24, 21, 21]
18.996[34, 45, 210, 38, 27, 23, 20, 21]
19.019[36, 44, 200, 35, 27, 23, 21, 22]
19.041[34, 44, 196, 36, 30, 19, 22, 20]
19.056[32, 36, 156, 37, 29, 22, 20, 20]
19.079[31, 41, 198, 37, 30, 23, 21, 20]
19.101[32, 41, 223, 43, 32, 23, 22, 20]
19.116[33, 48, 268, 49, 32, 23, 23, 20]
19.138[30, 52, 280, 51, 28, 25, 21, 20]
19.161[32, 56, 278, 48, 27, 23, 22, 21]
19.176[37, 56, 235, 46, 27, 21, 22, 22]
19.198[36, 56, 227, 41, 24, 21, 23, 23]
19.223[36, 54, 183, 35, 23, 22, 22, 24]
19.236[38, 49, 164, 32, 23, 20, 23, 24]
19.259[38, 44, 163, 33, 25, 18, 22, 25]
19.281[34, 42, 241, 36, 23, 20, 21, 25]
19.296[40, 49, 239, 37, 23, 21, 19, 24]
19.318[40, 47, 236, 37, 23, 21, 18, 22]
19.341[39, 47, 236, 44, 23, 21, 18, 22]
19.356[37, 49, 247, 43, 23, 23, 19, 21]
19.379[37, 46, 178, 47, 24, 22, 22, 20]
19.401[35, 46, 165, 48, 26, 22, 20, 19]
19.416[37, 46, 152, 48, 29, 21, 22, 21]
19.438[39, 49, 188, 44, 28, 21, 21, 19]
19.461[38, 47, 169, 43, 28, 18, 20, 19]
19.476[38, 52, 157, 37, 27, 20, 20, 19]
19.499[37, 48, 199, 33, 26, 23, 21, 21]
19.521[34, 48, 196, 34, 23, 23, 20, 20]
19.536[33, 46, 171, 32, 23, 23, 23, 19]
19.558[38, 51, 188, 41, 25, 25, 23, 19]
19.581[37, 45, 221, 41, 25, 22, 19, 20]
19.596[43, 50, 181, 43, 26, 21, 21, 19]
19.618[41, 48, 177, 43, 25, 21, 22, 17]
19.641[41, 47, 168, 41, 26, 21, 20, 20]
19.657[41, 52, 176, 34, 22, 23, 21, 20]
19.678[42, 55, 169, 37, 25, 25, 21, 21]
19.702[37, 54, 213, 38, 25, 23, 18, 23]
19.723[37, 53, 247, 38, 28, 25, 19, 25]
19.738[40, 55, 252, 38, 27, 23, 19, 23]
19.761[36, 46, 235, 35, 27, 22, 18, 23]
19.776[38, 52, 276, 34, 26, 21, 21, 22]
19.798[36, 49, 247, 32, 24, 22, 20, 20]
19.821[37, 49, 239, 40, 26, 24, 19, 19]
19.843[34, 53, 234, 40, 28, 23, 21, 20]
19.859[33, 56, 236, 43, 28, 24, 21, 21]
19.883[28, 49, 171, 53, 28, 23, 19, 21]
19.903[35, 50, 184, 53, 29, 24, 22, 22]
19.918[37, 51, 155, 50, 26, 22, 22, 21]
19.941[36, 47, 168, 57, 26, 24, 19, 21]
19.963[42, 52, 185, 56, 26, 25, 22, 20]
19.978[43, 57, 215, 47, 27, 26, 22, 20]
20.001[37, 57, 211, 46, 25, 26, 18, 21]
20.023[35, 59, 201, 46, 26, 25, 19, 23]
20.04[35, 58, 197, 39, 25, 25, 21, 22]
20.062[28, 52, 191, 43, 26, 22, 18, 23]
20.083[27, 45, 146, 39, 25, 21, 19, 23]
20.099[28, 46, 152, 42, 26, 19, 22, 22]
20.121[30, 42, 185, 42, 28, 24, 24, 21]
20.143[31, 44, 195, 45, 29, 24, 23, 22]
20.158[30, 44, 194, 42, 28, 24, 24, 20]
20.181[33, 44, 187, 44, 31, 24, 24, 20]
20.204[31, 43, 185, 43, 32, 24, 23, 19]
20.219[34, 47, 194, 41, 32, 19, 19, 20]
20.242[34, 46, 189, 40, 33, 21, 21, 19]
20.263[37, 48, 183, 40, 33, 21, 21, 18]
20.279[39, 51, 186, 38, 30, 20, 21, 19]
20.301[39, 47, 180, 36, 29, 22, 22, 19]
20.324[40, 46, 149, 38, 30, 26, 23, 20]
20.338[39, 46, 144, 40, 29, 25, 23, 20]
20.369[39, 46, 156, 40, 27, 24, 22, 23]
20.384[34, 41, 162, 41, 27, 24, 22, 22]
20.399[34, 45, 194, 42, 28, 23, 22, 24]
20.421[28, 39, 192, 42, 25, 20, 20, 21]
20.443[31, 44, 200, 42, 26, 19, 22, 23]
20.458[34, 51, 200, 42, 30, 20, 23, 23]
20.483[34, 57, 254, 44, 31, 22, 22, 24]
20.503[39, 60, 231, 43, 29, 21, 23, 22]
20.519[39, 64, 231, 41, 30, 20, 24, 24]
20.541[40, 62, 230, 39, 31, 23, 21, 23]
20.564[36, 57, 268, 41, 27, 23, 21, 21]
20.578[39, 55, 217, 44, 26, 21, 23, 23]
20.601[32, 51, 212, 47, 27, 22, 21, 23]
20.624[35, 59, 243, 49, 31, 23, 23, 24]
20.638[34, 61, 240, 47, 28, 23, 22, 22]
20.663[33, 59, 188, 45, 29, 23, 23, 23]
20.684[34, 57, 206, 40, 27, 23, 21, 21]
20.699[35, 63, 215, 39, 29, 22, 21, 20]
20.721[33, 52, 176, 35, 25, 22, 20, 20]
20.744[29, 46, 165, 35, 26, 20, 22, 20]
20.767[33, 48, 217, 35, 27, 20, 21, 20]
20.781[32, 49, 206, 36, 29, 19, 20, 20]
20.805[32, 40, 192, 34, 27, 18, 20, 20]
20.826[32, 39, 186, 34, 28, 20, 19, 21]
20.841[32, 39, 218, 37, 28, 21, 19, 21]
20.864[31, 40, 198, 38, 28, 22, 19, 20]
20.887[26, 40, 199, 36, 28, 22, 19, 20]
20.901[29, 51, 223, 40, 28, 24, 21, 21]
20.924[34, 58, 230, 41, 26, 22, 20, 20]
20.947[37, 60, 203, 40, 27, 21, 18, 20]
20.961[37, 59, 171, 42, 25, 20, 18, 20]
20.984[39, 60, 167, 45, 25, 21, 19, 20]
21.007[38, 50, 167, 44, 25, 21, 17, 21]
21.021[34, 46, 169, 45, 28, 21, 20, 20]
21.044[34, 47, 188, 48, 27, 21, 21, 21]
21.067[34, 48, 193, 46, 27, 24, 20, 21]
21.082[32, 43, 201, 43, 28, 21, 19, 20]
21.104[31, 44, 183, 38, 27, 22, 22, 21]
21.126[35, 44, 184, 37, 25, 23, 20, 22]
21.142[35, 43, 180, 34, 25, 21, 20, 22]
21.164[33, 45, 227, 33, 25, 18, 21, 22]
21.186[34, 46, 263, 35, 23, 21, 21, 23]
21.201[34, 47, 263, 38, 24, 21, 20, 21]
21.224[28, 46, 260, 44, 26, 20, 19, 19]
21.246[28, 43, 257, 47, 26, 21, 19, 20]
21.269[34, 41, 211, 48, 29, 23, 18, 22]
21.285[36, 43, 223, 53, 29, 21, 19, 22]
21.306[37, 45, 241, 53, 29, 22, 20, 23]
21.322[37, 51, 247, 52, 30, 23, 21, 23]
21.344[40, 52, 249, 50, 29, 23, 21, 23]
21.368[36, 49, 251, 51, 28, 23, 23, 22]
21.381[39, 53, 204, 48, 29, 23, 22, 22]
21.404[38, 51, 184, 46, 27, 22, 20, 19]
21.426[39, 46, 170, 45, 27, 20, 20, 20]
21.441[33, 47, 174, 54, 29, 19, 18, 18]
21.464[33, 50, 205, 56, 30, 17, 18, 18]
21.486[29, 56, 230, 55, 29, 18, 18, 19]
21.501[29, 55, 236, 55, 31, 17, 18, 19]
21.525[34, 60, 255, 53, 30, 20, 20, 19]
21.547[36, 63, 281, 55, 29, 22, 20, 20]
21.562[35, 62, 268, 51, 29, 22, 18, 19]
21.584[39, 59, 238, 54, 31, 21, 20, 20]
21.606[40, 62, 274, 66, 32, 23, 22, 22]
21.621[37, 60, 304, 75, 33, 23, 19, 24]
21.644[43, 57, 279, 71, 35, 24, 22, 28]
21.666[45, 61, 314, 88, 40, 25, 24, 30]
21.681[43, 64, 329, 90, 44, 26, 24, 29]
21.705[49, 66, 334, 137, 55, 26, 27, 31]
21.727[52, 64, 310, 217, 70, 30, 28, 32]
21.75[48, 63, 347, 253, 79, 30, 26, 28]
21.764[51, 71, 391, 262, 83, 31, 30, 36]
21.787[52, 72, 397, 266, 87, 34, 29, 38]
21.809[50, 75, 446, 297, 88, 35, 26, 37]
21.824[49, 80, 554, 335, 89, 32, 30, 38]
21.846[48, 81, 621, 333, 89, 34, 32, 40]
21.869[49, 83, 604, 364, 97, 38, 32, 37]
21.884[54, 94, 700, 373, 98, 40, 33, 38]
21.907[61, 135, 755, 342, 92, 40, 36, 38]
21.93[60, 140, 694, 262, 84, 43, 34, 35]
21.944[64, 145, 703, 305, 81, 41, 32, 33]
21.967[63, 154, 713, 280, 64, 41, 35, 44]
21.99[63, 155, 727, 302, 60, 47, 40, 53]
22.004[68, 143, 741, 303, 74, 70, 58, 69]
22.026[66, 141, 767, 313, 72, 68, 58, 71]
22.049[69, 148, 778, 249, 73, 77, 66, 78]
22.064[76, 158, 795, 263, 78, 78, 67, 74]
22.087[85, 163, 865, 289, 82, 73, 66, 73]
22.109[90, 195, 895, 346, 97, 69, 62, 71]
22.124[111, 227, 1019, 373, 108, 77, 71, 78]
22.154[146, 263, 1063, 423, 132, 80, 76, 79]
22.169[154, 278, 1158, 504, 170, 97, 87, 91]
22.193[172, 299, 1171, 645, 243, 127, 111, 112]
22.206[167, 274, 1185, 636, 238, 122, 107, 107]
22.23[163, 249, 1196, 658, 251, 127, 110, 113]
22.243[146, 226, 1171, 733, 269, 138, 118, 126]
22.266[137, 230, 1122, 742, 273, 137, 115, 121]
22.289[161, 331, 1082, 617, 234, 127, 103, 113]
22.303[173, 359, 1067, 653, 238, 129, 105, 114]
22.326[172, 373, 988, 681, 231, 125, 101, 112]
22.349[165, 366, 1008, 649, 200, 105, 84, 96]
22.366[171, 354, 1073, 602, 184, 102, 84, 97]
22.387[132, 259, 1104, 676, 170, 93, 81, 91]
22.41[139, 363, 1212, 745, 176, 88, 81, 91]
22.423[137, 362, 1251, 735, 173, 87, 79, 84]
22.447[140, 375, 1198, 679, 176, 90, 82, 86]
22.469[133, 373, 1154, 764, 188, 86, 77, 80]
22.483[121, 363, 1070, 713, 181, 80, 71, 74]
22.506[113, 288, 979, 693, 199, 92, 76, 78]
22.529[114, 281, 934, 685, 202, 97, 82, 84]
22.543[103, 271, 1012, 684, 193, 92, 78, 77]
22.566[99, 276, 983, 639, 174, 84, 75, 74]
22.589[103, 293, 1048, 659, 176, 82, 72, 69]
22.604[79, 235, 1100, 625, 145, 69, 65, 62]
22.626[82, 263, 1178, 709, 190, 75, 59, 58]
22.65[86, 266, 1163, 751, 194, 78, 61, 61]
22.672[84, 254, 1132, 708, 190, 85, 66, 68]
22.686[98, 261, 1140, 677, 194, 93, 78, 85]
22.709[102, 272, 1049, 644, 204, 94, 78, 83]
22.732[93, 238, 909, 546, 168, 91, 77, 86]
22.747[98, 225, 870, 509, 173, 94, 79, 89]
22.768[99, 234, 856, 509, 171, 89, 74, 85]
22.791[95, 223, 731, 565, 156, 80, 67, 78]
22.807[93, 202, 668, 644, 174, 85, 69, 78]
22.828[89, 213, 683, 625, 162, 79, 66, 73]
22.851[82, 237, 650, 669, 173, 81, 65, 69]
22.869[90, 231, 681, 696, 190, 87, 69, 74]
22.888[79, 205, 761, 675, 191, 84, 63, 63]
22.911[78, 203, 819, 595, 163, 78, 60, 62]
22.927[88, 235, 960, 624, 168, 78, 58, 65]
22.949[88, 209, 1087, 662, 164, 74, 58, 66]
22.971[86, 215, 1090, 611, 143, 76, 66, 70]
22.987[79, 204, 1025, 590, 141, 76, 65, 69]
23.01[76, 198, 1013, 605, 154, 80, 64, 69]
23.031[64, 137, 941, 591, 142, 73, 63, 65]
23.047[62, 144, 786, 505, 155, 79, 66, 64]
23.069[51, 134, 803, 515, 155, 70, 53, 49]
23.091[59, 143, 850, 611, 174, 79, 63, 58]
23.107[62, 154, 829, 611, 166, 76, 65, 60]
23.129[63, 157, 774, 578, 165, 77, 64, 59]
23.151[66, 169, 759, 609, 157, 70, 59, 57]
23.168[62, 161, 699, 601, 161, 70, 59, 57]
23.188[66, 178, 741, 526, 153, 62, 48, 49]
23.212[60, 165, 705, 508, 151, 60, 46, 48]
23.228[57, 167, 714, 555, 176, 69, 51, 50]
23.25[57, 169, 786, 490, 164, 69, 52, 54]
23.271[58, 191, 801, 509, 163, 75, 55, 57]
23.287[59, 197, 746, 462, 153, 75, 56, 57]
23.309[70, 205, 712, 417, 151, 78, 60, 62]
23.331[76, 201, 657, 431, 140, 72, 58, 62]
23.347[73, 178, 556, 420, 139, 74, 62, 64]
23.368[75, 153, 552, 439, 129, 68, 60, 63]
23.391[67, 132, 542, 443, 125, 64, 58, 59]
23.407[55, 126, 541, 493, 139, 67, 58, 53]
23.431[53, 127, 573, 421, 119, 64, 55, 51]
23.451[52, 135, 652, 460, 115, 57, 48, 44]
23.468[51, 133, 663, 452, 126, 58, 50, 42]
23.488[53, 120, 626, 450, 129, 58, 51, 43]
23.511[51, 115, 674, 397, 110, 46, 42, 41]
23.527[52, 127, 736, 462, 130, 59, 49, 45]
23.548[54, 117, 710, 436, 129, 61, 51, 47]
23.578[57, 126, 690, 470, 128, 60, 49, 49]
23.593[57, 145, 725, 519, 125, 59, 47, 49]
23.608[59, 149, 769, 530, 124, 60, 47, 48]
23.631[57, 158, 793, 507, 113, 56, 48, 53]
23.656[55, 162, 764, 529, 119, 57, 45, 50]
23.668[55, 163, 822, 476, 110, 56, 47, 49]
23.7[58, 151, 847, 425, 112, 62, 55, 55]
23.713[58, 157, 783, 397, 107, 61, 52, 54]
23.728[57, 138, 678, 365, 98, 53, 46, 44]
23.751[59, 152, 653, 308, 87, 52, 47, 47]
23.773[58, 144, 685, 306, 83, 51, 43, 46]
23.788[56, 136, 621, 323, 96, 50, 39, 40]
23.811[55, 129, 675, 385, 104, 48, 42, 39]
23.833[58, 125, 678, 385, 104, 48, 45, 42]
23.856[58, 113, 733, 440, 108, 47, 44, 42]
23.872[54, 109, 665, 415, 104, 48, 46, 43]
23.893[51, 117, 765, 392, 94, 41, 42, 41]
23.909[59, 161, 771, 367, 96, 42, 39, 44]
23.931[58, 164, 744, 363, 108, 51, 44, 47]
23.953[53, 162, 796, 312, 108, 49, 42, 43]
23.968[56, 162, 773, 314, 110, 51, 44, 43]
23.991[58, 158, 738, 358, 117, 57, 48, 47]
24.015[55, 145, 716, 326, 110, 56, 48, 45]
24.028[55, 146, 732, 309, 99, 51, 45, 40]
24.051[56, 155, 655, 295, 103, 54, 47, 43]
24.074[54, 183, 698, 316, 101, 52, 44, 43]
24.088[52, 183, 682, 333, 92, 44, 40, 36]
24.111[47, 197, 713, 372, 104, 48, 41, 37]
24.133[47, 193, 704, 410, 122, 52, 45, 42]
24.149[54, 197, 687, 421, 118, 50, 44, 40]
24.171[64, 187, 687, 408, 124, 59, 55, 56]
24.193[65, 185, 648, 383, 120, 59, 55, 56]
24.208[66, 149, 576, 339, 109, 60, 58, 59]
24.231[64, 163, 605, 305, 84, 52, 51, 55]
24.254[68, 153, 704, 401, 91, 56, 57, 68]
24.268[59, 134, 685, 473, 92, 47, 47, 60]
24.291[58, 134, 666, 446, 92, 47, 47, 60]
24.314[57, 128, 682, 463, 95, 48, 46, 60]
24.328[63, 145, 740, 467, 98, 57, 52, 62]
24.352[53, 138, 663, 364, 87, 51, 43, 46]
24.373[49, 134, 732, 301, 80, 51, 43, 41]
24.388[55, 137, 860, 355, 106, 57, 48, 50]
24.412[52, 144, 845, 343, 103, 52, 45, 45]
24.441[48, 109, 811, 392, 120, 51, 42, 47]
24.448[52, 146, 837, 392, 120, 52, 42, 47]
24.471[52, 154, 777, 379, 118, 52, 41, 48]
24.495[52, 168, 647, 380, 102, 44, 35, 44]
24.508[56, 165, 613, 376, 105, 46, 37, 45]
24.534[62, 173, 642, 347, 83, 35, 35, 40]
24.554[59, 155, 640, 402, 98, 36, 35, 40]
24.576[61, 154, 649, 421, 114, 47, 41, 44]
24.591[59, 139, 646, 376, 106, 46, 41, 38]
24.613[58, 142, 688, 425, 124, 55, 44, 41]
24.636[49, 140, 678, 437, 131, 59, 43, 41]
24.651[49, 120, 598, 382, 118, 65, 44, 41]
24.673[56, 120, 588, 355, 108, 73, 49, 47]
24.696[55, 115, 572, 352, 109, 87, 51, 51]
24.711[51, 98, 524, 283, 98, 187, 68, 47]
24.734[47, 78, 402, 205, 100, 221, 78, 46]
24.756[49, 88, 425, 248, 105, 226, 81, 47]
24.772[39, 77, 364, 223, 97, 225, 77, 40]
24.793[35, 78, 343, 215, 99, 227, 79, 37]
24.816[35, 78, 317, 209, 88, 152, 63, 35]
24.831[42, 92, 313, 193, 67, 103, 51, 35]
24.853[40, 80, 336, 151, 62, 85, 45, 36]
24.876[41, 90, 311, 148, 62, 84, 45, 34]
24.891[40, 88, 303, 158, 55, 86, 43, 33]
24.914[41, 88, 300, 189, 54, 97, 41, 35]
24.936[36, 77, 387, 192, 59, 93, 41, 35]
24.952[39, 89, 389, 179, 57, 95, 40, 32]
24.973[40, 76, 372, 172, 59, 104, 41, 28]
24.997[46, 78, 371, 167, 60, 95, 39, 28]
25.011[44, 78, 371, 121, 59, 85, 40, 28]
25.033[46, 80, 324, 155, 65, 84, 38, 27]
25.056[44, 78, 257, 155, 66, 82, 40, 30]
25.071[43, 75, 257, 155, 63, 71, 36, 30]
25.093[41, 74, 247, 146, 61, 69, 32, 29]
25.116[44, 74, 244, 144, 59, 66, 34, 29]
25.131[43, 84, 190, 130, 51, 63, 35, 26]
25.153[42, 97, 266, 130, 46, 63, 36, 27]
25.175[40, 101, 271, 131, 47, 63, 34, 27]
25.191[49, 106, 272, 130, 45, 57, 35, 27]
25.213[48, 107, 272, 127, 42, 56, 33, 28]
25.236[48, 94, 270, 93, 35, 54, 32, 29]
25.251[47, 66, 177, 69, 33, 52, 27, 25]
25.273[49, 60, 259, 60, 27, 37, 27, 26]
25.296[43, 52, 314, 65, 29, 29, 23, 28]
25.31[42, 48, 321, 77, 33, 26, 23, 28]
25.335[47, 56, 318, 88, 35, 25, 23, 27]
25.356[48, 59, 312, 99, 49, 27, 26, 29]
25.371[47, 60, 264, 105, 52, 29, 24, 28]
25.393[40, 61, 215, 138, 55, 29, 23, 26]
25.416[43, 63, 213, 133, 53, 30, 23, 27]
25.43[37, 60, 238, 129, 56, 31, 22, 27]
25.453[35, 59, 246, 121, 46, 29, 20, 25]
25.484[39, 64, 285, 119, 44, 27, 20, 27]
25.499[42, 60, 275, 80, 39, 28, 20, 26]
25.513[41, 64, 275, 93, 43, 28, 19, 24]
25.536[39, 60, 235, 95, 39, 26, 20, 24]
25.56[40, 58, 253, 106, 43, 27, 21, 24]
25.573[36, 50, 184, 105, 42, 26, 21, 22]
25.597[32, 53, 183, 109, 42, 24, 22, 22]
25.619[31, 51, 262, 101, 39, 26, 22, 24]
25.635[32, 54, 287, 100, 40, 25, 24, 22]
25.656[33, 56, 263, 97, 38, 24, 23, 24]
25.679[34, 57, 260, 92, 36, 24, 22, 24]
25.693[36, 55, 281, 82, 36, 24, 22, 23]
25.716[37, 53, 213, 76, 35, 22, 22, 24]
25.739[38, 52, 221, 80, 30, 22, 22, 24]
25.761[36, 50, 219, 69, 28, 21, 23, 20]
25.778[36, 51, 216, 68, 28, 22, 24, 21]
25.799[35, 49, 217, 67, 27, 24, 25, 21]
25.814[35, 50, 244, 75, 31, 27, 25, 19]
25.836[35, 52, 250, 64, 32, 26, 22, 19]
25.859[37, 54, 267, 67, 33, 28, 23, 22]
25.873[36, 50, 285, 77, 32, 27, 23, 22]
25.896[37, 54, 261, 75, 32, 25, 21, 19]
25.919[33, 53, 239, 67, 30, 22, 21, 18]
25.933[35, 59, 207, 85, 31, 24, 22, 21]
25.956[36, 62, 202, 87, 32, 24, 20, 18]
25.979[34, 64, 189, 89, 32, 23, 21, 19]
25.993[32, 61, 188, 89, 33, 24, 21, 22]
26.017[34, 64, 177, 93, 33, 24, 21, 22]
26.04[30, 59, 218, 98, 33, 22, 20, 23]
26.054[29, 59, 260, 97, 30, 20, 23, 23]
26.077[29, 60, 281, 90, 36, 23, 24, 23]
26.099[31, 59, 282, 93, 40, 21, 25, 21]
26.113[29, 55, 282, 94, 39, 25, 25, 23]
26.136[34, 53, 278, 84, 45, 25, 25, 21]
26.159[40, 53, 239, 81, 47, 26, 25, 22]
26.181[43, 53, 214, 87, 46, 27, 25, 24]
26.197[40, 54, 229, 99, 44, 28, 24, 24]
26.219[41, 57, 230, 95, 44, 25, 26, 22]
26.235[40, 56, 198, 86, 38, 26, 25, 22]
26.256[35, 50, 188, 82, 36, 27, 26, 22]
26.28[34, 57, 190, 75, 33, 26, 24, 22]
26.293[38, 60, 179, 61, 31, 25, 24, 22]
26.317[37, 59, 217, 69, 31, 24, 22, 24]
26.339[36, 61, 242, 75, 33, 24, 23, 23]
26.353[35, 61, 249, 78, 31, 23, 19, 23]
26.376[34, 53, 248, 85, 31, 24, 21, 23]
26.399[30, 47, 244, 80, 31, 23, 21, 24]
26.415[31, 43, 224, 72, 29, 24, 20, 23]
26.437[33, 45, 185, 65, 28, 24, 19, 23]
26.461[32, 44, 202, 80, 30, 24, 20, 22]
26.482[32, 43, 205, 81, 29, 21, 18, 21]
26.499[35, 46, 202, 81, 30, 23, 19, 21]
26.519[37, 56, 189, 81, 30, 23, 21, 23]
26.541[33, 52, 202, 82, 33, 24, 21, 25]
26.556[38, 59, 203, 70, 31, 24, 20, 24]
26.579[37, 58, 185, 59, 31, 24, 21, 25]
26.601[37, 60, 221, 64, 31, 24, 22, 24]
26.616[36, 53, 259, 77, 33, 22, 21, 23]
26.639[39, 56, 246, 81, 34, 23, 20, 20]
26.662[37, 48, 221, 82, 34, 23, 21, 22]
26.677[38, 46, 223, 83, 35, 24, 23, 22]
26.699[40, 48, 204, 87, 36, 24, 22, 24]
26.722[39, 46, 146, 95, 35, 24, 23, 23]
26.736[37, 43, 157, 92, 34, 22, 25, 24]
26.759[38, 43, 141, 91, 35, 23, 24, 23]
26.781[39, 45, 155, 89, 34, 23, 20, 23]
26.796[35, 38, 130, 86, 34, 23, 21, 22]
26.819[35, 40, 157, 75, 33, 21, 21, 22]
26.841[37, 51, 266, 74, 30, 21, 21, 25]
26.857[34, 56, 294, 78, 28, 20, 20, 24]
26.879[33, 57, 289, 79, 30, 19, 22, 23]
26.903[32, 57, 288, 73, 30, 22, 21, 21]
26.917[31, 57, 282, 62, 32, 25, 21, 23]
26.94[30, 51, 227, 67, 32, 25, 22, 22]
26.962[32, 50, 257, 77, 35, 29, 23, 22]
26.984[32, 51, 264, 77, 32, 30, 21, 23]
26.999[32, 50, 263, 79, 30, 27, 22, 24]
27.021[32, 56, 280, 90, 27, 26, 21, 22]
27.036[32, 57, 275, 90, 27, 24, 20, 21]
27.059[34, 53, 218, 77, 25, 21, 20, 24]
27.081[34, 54, 214, 82, 29, 22, 20, 24]
27.096[34, 57, 222, 81, 29, 22, 19, 23]
27.119[35, 49, 200, 77, 30, 23, 19, 24]
27.143[33, 47, 183, 78, 32, 24, 18, 23]
27.156[32, 46, 230, 79, 31, 25, 18, 21]
27.179[30, 42, 230, 75, 30, 23, 18, 20]
27.217[33, 41, 227, 81, 31, 24, 20, 22]
27.218[33, 40, 219, 76, 29, 23, 19, 22]
27.239[34, 40, 209, 68, 27, 22, 19, 23]
27.261[35, 49, 202, 71, 27, 23, 20, 23]
27.276[36, 54, 221, 70, 24, 24, 22, 24]
27.308[33, 54, 216, 60, 23, 22, 20, 22]
27.322[34, 55, 221, 59, 23, 23, 22, 22]
27.336[35, 55, 209, 67, 23, 25, 22, 22]
27.361[33, 46, 162, 89, 33, 27, 22, 24]
27.382[30, 43, 145, 96, 36, 26, 22, 24]
27.404[32, 39, 147, 102, 39, 28, 23, 24]
27.419[33, 42, 164, 105, 39, 26, 22, 24]
27.441[33, 44, 194, 107, 39, 26, 23, 25]
27.464[32, 47, 203, 87, 32, 25, 21, 23]
27.479[36, 46, 201, 79, 32, 28, 23, 26]
27.501[34, 48, 201, 71, 29, 27, 21, 26]
27.525[33, 45, 187, 79, 31, 28, 22, 27]
27.539[29, 41, 163, 64, 32, 26, 20, 25]
27.562[33, 49, 179, 65, 31, 27, 22, 26]
27.584[36, 56, 173, 63, 30, 22, 18, 23]
27.599[37, 56, 178, 66, 31, 23, 19, 23]
27.621[37, 58, 226, 55, 31, 24, 19, 21]
27.651[37, 57, 215, 64, 30, 25, 19, 22]
27.659[35, 52, 193, 65, 31, 21, 18, 20]
27.681[31, 41, 188, 64, 30, 23, 20, 20]
27.704[30, 42, 191, 80, 33, 24, 20, 21]
27.718[29, 39, 125, 95, 35, 23, 21, 22]
27.742[34, 41, 139, 93, 34, 21, 23, 22]
27.763[33, 38, 147, 94, 33, 23, 22, 21]
27.78[35, 42, 166, 95, 33, 23, 22, 22]
27.801[34, 41, 152, 79, 28, 19, 23, 20]
27.823[37, 42, 148, 56, 23, 23, 22, 21]
27.84[34, 39, 170, 68, 26, 27, 23, 22]
27.861[34, 39, 174, 72, 28, 25, 23, 23]
27.883[33, 44, 180, 76, 30, 25, 23, 24]
27.9[33, 45, 182, 79, 30, 25, 22, 25]
27.921[30, 44, 180, 80, 33, 24, 23, 26]
27.943[28, 45, 157, 70, 31, 23, 22, 24]
27.96[29, 47, 149, 66, 31, 26, 23, 26]
27.981[28, 43, 217, 61, 27, 27, 23, 23]
28.004[26, 49, 251, 76, 31, 26, 23, 23]
28.02[31, 50, 257, 73, 28, 24, 21, 21]
28.041[34, 51, 255, 75, 31, 25, 22, 23]
28.063[37, 53, 258, 77, 33, 23, 21, 23]
28.08[36, 53, 221, 77, 36, 21, 21, 24]
28.101[37, 51, 213, 67, 34, 22, 21, 23]
28.125[34, 50, 233, 69, 34, 25, 21, 24]
28.14[33, 49, 234, 66, 33, 23, 20, 23]
28.161[30, 48, 229, 73, 34, 24, 20, 20]
28.183[32, 45, 220, 85, 32, 25, 23, 20]
28.201[32, 53, 220, 83, 31, 24, 23, 22]
28.221[32, 55, 198, 83, 30, 22, 22, 21]
28.243[33, 59, 197, 80, 30, 22, 21, 23]
28.26[30, 57, 209, 74, 26, 23, 23, 24]
28.281[28, 60, 189, 72, 26, 22, 19, 23]
28.303[29, 49, 176, 69, 27, 25, 20, 22]
28.326[29, 45, 174, 79, 27, 25, 20, 21]
28.341[33, 46, 175, 81, 25, 24, 22, 19]
28.363[35, 44, 165, 89, 28, 24, 23, 22]
28.388[35, 39, 162, 76, 24, 26, 23, 23]
28.401[35, 39, 135, 80, 27, 22, 22, 24]
28.423[36, 42, 168, 70, 28, 22, 26, 26]
28.446[31, 39, 171, 79, 30, 25, 23, 26]
28.461[30, 42, 168, 71, 27, 24, 22, 26]
28.483[30, 45, 168, 74, 30, 24, 22, 25]
28.506[30, 42, 170, 72, 29, 25, 23, 24]
28.521[28, 42, 128, 70, 30, 25, 20, 24]
28.543[29, 42, 150, 67, 30, 22, 22, 23]
28.566[28, 37, 156, 71, 38, 22, 23, 21]
28.58[28, 37, 175, 75, 38, 23, 24, 21]
28.603[30, 47, 204, 77, 37, 24, 25, 21]
28.626[31, 46, 212, 84, 37, 24, 25, 18]
28.642[30, 44, 197, 76, 36, 23, 23, 18]
28.663[32, 47, 186, 69, 30, 24, 23, 17]
28.687[32, 46, 166, 67, 27, 23, 22, 17]
28.701[29, 36, 138, 65, 27, 21, 20, 17]
28.723[30, 35, 138, 73, 28, 23, 19, 18]
28.746